%YAML:1.0
---
points: [ 4.79460846e+02, 9.54747864e+02, 4.64335083e+02, 9.10877991e+02,
    4.48940796e+02, 8.66239075e+02, 4.33229767e+02, 8.20943787e+02,
    4.17111664e+02, 7.74963318e+02, 4.00454498e+02, 7.28421265e+02,
    3.83433289e+02, 6.80784424e+02, 3.66056854e+02, 6.32465759e+02,
    5.29447021e+02, 9.38667175e+02, 5.14833191e+02, 8.94998474e+02,
    4.99975891e+02, 8.50530762e+02, 4.84871460e+02, 8.05633179e+02,
    4.69331390e+02, 7.59962402e+02, 4.53375366e+02, 7.13498230e+02,
    4.36829529e+02, 6.66305054e+02, 4.20187012e+02, 6.18126587e+02,
    5.78685120e+02, 9.22823730e+02, 5.64578674e+02, 8.79437683e+02,
    5.50302734e+02, 8.35309937e+02, 5.35681152e+02, 7.90601807e+02,
    5.20549011e+02, 7.45127930e+02, 5.05256012e+02, 6.98909973e+02,
    4.89520569e+02, 6.51960693e+02, 4.73364716e+02, 6.04010315e+02,
    6.27225830e+02, 9.07287048e+02, 6.13595093e+02, 8.64019165e+02,
    5.99752258e+02, 8.20176453e+02, 5.85722351e+02, 7.75740723e+02,
    5.71238037e+02, 7.30559265e+02, 5.56529663e+02, 6.84733582e+02,
    5.41427124e+02, 6.38083191e+02, 5.25806030e+02, 5.90427673e+02,
    6.75065613e+02, 8.91634277e+02, 6.61892578e+02, 8.48769165e+02,
    6.48625183e+02, 8.05300659e+02, 6.35019348e+02, 7.61182495e+02,
    6.21285889e+02, 7.16336853e+02, 6.06944458e+02, 6.70673035e+02,
    5.92412231e+02, 6.24216919e+02, 5.77480652e+02, 5.76713989e+02,
    7.21876892e+02, 8.76549377e+02, 7.09289612e+02, 8.33991333e+02,
    6.96505249e+02, 7.90746338e+02, 6.83440308e+02, 7.46799194e+02,
    6.70132812e+02, 7.02349915e+02, 6.56368530e+02, 6.56791748e+02,
    6.42480896e+02, 6.10606506e+02, 6.28220520e+02, 5.63567200e+02,
    7.68036743e+02, 8.61762329e+02, 7.55882019e+02, 8.19486450e+02,
    7.43589783e+02, 7.76570679e+02, 7.31093933e+02, 7.33181641e+02,
    7.18194519e+02, 6.88586731e+02, 7.05288879e+02, 6.43474548e+02,
    6.91721008e+02, 5.97394714e+02, 6.78276123e+02, 5.50438660e+02,
    8.13593750e+02, 8.47273682e+02, 8.02196411e+02, 8.05231750e+02,
    7.90226501e+02, 7.62535706e+02, 7.78287231e+02, 7.19215637e+02,
    7.65847168e+02, 6.75151245e+02, 7.53460693e+02, 6.29881348e+02,
    7.40525452e+02, 5.84248840e+02, 7.27615356e+02, 5.37500427e+02,
    8.58547119e+02, 8.32792969e+02, 8.47378540e+02, 7.91085083e+02,
    8.35884094e+02, 7.48792786e+02, 8.24433472e+02, 7.05666809e+02,
    8.12481018e+02, 6.61608459e+02, 8.00587524e+02, 6.16895691e+02,
    7.88245056e+02, 5.71322144e+02, 7.75641785e+02, 5.24731079e+02,
    9.02519714e+02, 8.18604309e+02, 8.91643921e+02, 7.77216797e+02,
    8.80706970e+02, 7.34970276e+02, 8.69765686e+02, 6.92220032e+02,
    8.58537231e+02, 6.48346924e+02, 8.46823425e+02, 6.03729431e+02,
    8.35127136e+02, 5.58518188e+02, 8.23137512e+02, 5.12337891e+02,
    9.46580200e+02, 8.04635132e+02, 9.36223633e+02, 7.63371704e+02,
    9.25596313e+02, 7.21349243e+02, 9.14938049e+02, 6.78597229e+02,
    9.03926880e+02, 6.35058105e+02, 8.92888184e+02, 5.90797241e+02,
    8.81534180e+02, 5.45710510e+02, 8.70240356e+02, 4.99760132e+02 ]
