%YAML:1.0
---
points: [ 4.28305634e+02, 8.59415833e+02, 4.31656738e+02, 8.12887085e+02,
    4.34767090e+02, 7.66360657e+02, 4.38294525e+02, 7.19386780e+02,
    4.41458405e+02, 6.72112366e+02, 4.44497467e+02, 6.24695740e+02,
    4.47546082e+02, 5.76937195e+02, 4.50528229e+02, 5.28691772e+02,
    4.79847839e+02, 8.59486633e+02, 4.83258209e+02, 8.13462524e+02,
    4.86608368e+02, 7.67381104e+02, 4.90278351e+02, 7.21133301e+02,
    4.93450958e+02, 6.74566650e+02, 4.96760681e+02, 6.27687439e+02,
    5.00212250e+02, 5.80505432e+02, 5.03341522e+02, 5.32846802e+02,
    5.30000977e+02, 8.59472839e+02, 5.33640198e+02, 8.13914795e+02,
    5.37358643e+02, 7.68524963e+02, 5.40776001e+02, 7.22774170e+02,
    5.44336426e+02, 6.76640320e+02, 5.47917969e+02, 6.30325745e+02,
    5.51342224e+02, 5.83701294e+02, 5.54779358e+02, 5.36686096e+02,
    5.79325378e+02, 8.59510925e+02, 5.82799011e+02, 8.14444946e+02,
    5.86562500e+02, 7.69659729e+02, 5.90425659e+02, 7.24338379e+02,
    5.93992981e+02, 6.78842957e+02, 5.97529663e+02, 6.33203247e+02,
    6.01390137e+02, 5.87061951e+02, 6.04979248e+02, 5.40484131e+02,
    6.27502563e+02, 8.59472534e+02, 6.31319397e+02, 8.15061768e+02,
    6.35043213e+02, 7.70669922e+02, 6.38793396e+02, 7.26028015e+02,
    6.42687561e+02, 6.81063049e+02, 6.46391357e+02, 6.35790955e+02,
    6.50266296e+02, 5.90422180e+02, 6.54162842e+02, 5.44460449e+02,
    6.74404114e+02, 8.59503784e+02, 6.78275574e+02, 8.15634338e+02,
    6.82170959e+02, 7.71760742e+02, 6.86034912e+02, 7.27806213e+02,
    6.90046082e+02, 6.83152466e+02, 6.93879272e+02, 6.38546509e+02,
    6.97737610e+02, 5.93401489e+02, 7.01656128e+02, 5.48119690e+02,
    7.20201599e+02, 8.59632080e+02, 7.24228210e+02, 8.16417603e+02,
    7.28266724e+02, 7.73020752e+02, 7.32386108e+02, 7.29434509e+02,
    7.36404236e+02, 6.85529724e+02, 7.40379211e+02, 6.41169495e+02,
    7.44429382e+02, 5.96658569e+02, 7.48620667e+02, 5.51494446e+02,
    7.65354004e+02, 8.59747192e+02, 7.69481995e+02, 8.17207825e+02,
    7.73649414e+02, 7.74311890e+02, 7.77820984e+02, 7.31115234e+02,
    7.81878784e+02, 6.87619202e+02, 7.86251343e+02, 6.43872070e+02,
    7.90406189e+02, 5.99572510e+02, 7.94629028e+02, 5.55183716e+02,
    8.09302307e+02, 8.59911621e+02, 8.13450928e+02, 8.17700989e+02,
    8.17747375e+02, 7.75369690e+02, 8.22245728e+02, 7.32822083e+02,
    8.26563843e+02, 6.89680969e+02, 8.30715088e+02, 6.46231506e+02,
    8.34944885e+02, 6.02625244e+02, 8.39282715e+02, 5.58617981e+02,
    8.52512329e+02, 8.59998718e+02, 8.56638611e+02, 8.18282349e+02,
    8.60934631e+02, 7.76327759e+02, 8.65451416e+02, 7.34214722e+02,
    8.69819153e+02, 6.91617737e+02, 8.74339172e+02, 6.48812317e+02,
    8.78609680e+02, 6.05421997e+02, 8.83010620e+02, 5.61844971e+02,
    8.95175415e+02, 8.60256653e+02, 8.99469177e+02, 8.18738037e+02,
    9.03770691e+02, 7.77257141e+02, 9.08270203e+02, 7.35508423e+02,
    9.12659668e+02, 6.93355347e+02, 9.17299500e+02, 6.50910522e+02,
    9.21827942e+02, 6.08262207e+02, 9.26391663e+02, 5.65373901e+02 ]
