%YAML:1.0
---
points: [ 3.94156219e+02, 8.22601807e+02, 4.02333649e+02, 7.75549194e+02,
    4.10827423e+02, 7.28280029e+02, 4.19159332e+02, 6.80610535e+02,
    4.27559265e+02, 6.32640198e+02, 4.35737030e+02, 5.84321167e+02,
    4.44277802e+02, 5.35511353e+02, 4.52590637e+02, 4.86529358e+02,
    4.46917603e+02, 8.27985840e+02, 4.55331329e+02, 7.81481079e+02,
    4.63929565e+02, 7.34690308e+02, 4.72406921e+02, 6.87663452e+02,
    4.80880402e+02, 6.40352600e+02, 4.89509796e+02, 5.92643799e+02,
    4.97721375e+02, 5.44751160e+02, 5.06427643e+02, 4.96386536e+02,
    4.98421844e+02, 8.33262146e+02, 5.07086304e+02, 7.87283447e+02,
    5.15727966e+02, 7.41018616e+02, 5.24165833e+02, 6.94673767e+02,
    5.32859863e+02, 6.48024719e+02, 5.41537048e+02, 6.01136475e+02,
    5.50043457e+02, 5.53655090e+02, 5.58846191e+02, 5.05786652e+02,
    5.48766541e+02, 8.38292725e+02, 5.57510986e+02, 7.92686523e+02,
    5.66082764e+02, 7.47295837e+02, 5.74849243e+02, 7.01512512e+02,
    5.83661865e+02, 6.55358582e+02, 5.92322571e+02, 6.08895996e+02,
    6.01244385e+02, 5.62295349e+02, 6.09856567e+02, 5.15100830e+02,
    5.98134338e+02, 8.43203003e+02, 6.06929932e+02, 7.98351135e+02,
    6.15612854e+02, 7.53520630e+02, 6.24393738e+02, 7.08237976e+02,
    6.33304443e+02, 6.62680054e+02, 6.42096863e+02, 6.17109131e+02,
    6.50746643e+02, 5.70778870e+02, 6.59777283e+02, 5.24216064e+02,
    6.46156311e+02, 8.48110291e+02, 6.55002441e+02, 8.03679871e+02,
    6.63777283e+02, 7.59509033e+02, 6.72588684e+02, 7.14743164e+02,
    6.81424683e+02, 6.69946899e+02, 6.90438965e+02, 6.24529663e+02,
    6.99368652e+02, 5.79096191e+02, 7.08261719e+02, 5.33069397e+02,
    6.92903625e+02, 8.52733765e+02, 7.01787109e+02, 8.09208374e+02,
    7.10752441e+02, 7.65571106e+02, 7.19541870e+02, 7.21519165e+02,
    7.28553406e+02, 6.76904785e+02, 7.37609863e+02, 6.32429993e+02,
    7.46662964e+02, 5.87228699e+02, 7.55770508e+02, 5.41594055e+02,
    7.38970276e+02, 8.57583496e+02, 7.48143921e+02, 8.14516724e+02,
    7.56900146e+02, 7.71476990e+02, 7.65790527e+02, 7.28060364e+02,
    7.75092957e+02, 6.84137451e+02, 7.84190918e+02, 6.39722778e+02,
    7.93237915e+02, 5.95287537e+02, 8.02421143e+02, 5.50209106e+02,
    7.83919556e+02, 8.62184448e+02, 7.92798584e+02, 8.19715820e+02,
    8.01843201e+02, 7.77191162e+02, 8.11104309e+02, 7.34232605e+02,
    8.20037537e+02, 6.90867249e+02, 8.29228455e+02, 6.46997070e+02,
    8.38516113e+02, 6.02820374e+02, 8.47809570e+02, 5.58488892e+02,
    8.27750610e+02, 8.66651184e+02, 8.36761597e+02, 8.24679504e+02,
    8.45807678e+02, 7.82586487e+02, 8.54798157e+02, 7.40221802e+02,
    8.64239563e+02, 6.97248840e+02, 8.73380798e+02, 6.54122192e+02,
    8.82581604e+02, 6.10393188e+02, 8.91906921e+02, 5.66413879e+02,
    8.71087158e+02, 8.71324585e+02, 8.80173828e+02, 8.29669312e+02,
    8.89365601e+02, 7.87965088e+02, 8.98419556e+02, 7.45894470e+02,
    9.07540161e+02, 7.03515320e+02, 9.16930237e+02, 6.60746338e+02,
    9.26304321e+02, 6.17869324e+02, 9.35633484e+02, 5.74500305e+02 ]
