%YAML:1.0
---
points: [ 3.80927307e+02, 7.77788269e+02, 3.95662476e+02, 7.31480774e+02,
    4.10301331e+02, 6.85158691e+02, 4.24943634e+02, 6.38385437e+02,
    4.39722290e+02, 5.91500366e+02, 4.54567047e+02, 5.44520325e+02,
    4.69256195e+02, 4.97341064e+02, 4.83993134e+02, 4.49864929e+02,
    4.33105591e+02, 7.88952087e+02, 4.47620209e+02, 7.43190369e+02,
    4.62277954e+02, 6.97254578e+02, 4.76931335e+02, 6.51179138e+02,
    4.91703003e+02, 6.05087219e+02, 5.06363068e+02, 5.58838989e+02,
    5.21038940e+02, 5.12360291e+02, 5.35646118e+02, 4.65571442e+02,
    4.83828949e+02, 7.99670837e+02, 4.98319916e+02, 7.54487732e+02,
    5.13028503e+02, 7.09166260e+02, 5.27541931e+02, 6.63874207e+02,
    5.42126892e+02, 6.18430115e+02, 5.56719238e+02, 5.72664673e+02,
    5.71259888e+02, 5.26915405e+02, 5.85958557e+02, 4.80808350e+02,
    5.33274475e+02, 8.10143860e+02, 5.47581909e+02, 7.65548340e+02,
    5.62187378e+02, 7.20799500e+02, 5.76568909e+02, 6.76187805e+02,
    5.91213623e+02, 6.31315979e+02, 6.05581787e+02, 5.86405334e+02,
    6.20204590e+02, 5.41216187e+02, 6.34699890e+02, 4.95756775e+02,
    5.81547974e+02, 8.20200317e+02, 5.95920227e+02, 7.76380371e+02,
    6.10277344e+02, 7.32404541e+02, 6.24611450e+02, 6.88262756e+02,
    6.38992126e+02, 6.44180359e+02, 6.53486023e+02, 5.99604126e+02,
    6.67835510e+02, 5.55069763e+02, 6.82386230e+02, 5.10331818e+02,
    6.28452148e+02, 8.30148865e+02, 6.42602295e+02, 7.86875671e+02,
    6.56820068e+02, 7.43502747e+02, 6.71180725e+02, 6.99992615e+02,
    6.85485229e+02, 6.56347046e+02, 6.99662537e+02, 6.12553833e+02,
    7.14081787e+02, 5.68540466e+02, 7.28509583e+02, 5.24369568e+02,
    6.74150696e+02, 8.39814880e+02, 6.88154541e+02, 7.97289368e+02,
    7.02317017e+02, 7.54572327e+02, 7.16494873e+02, 7.11681580e+02,
    7.30779114e+02, 6.68477234e+02, 7.44967468e+02, 6.25147583e+02,
    7.59353027e+02, 5.81727295e+02, 7.73666077e+02, 5.38252197e+02,
    7.18731934e+02, 8.49585632e+02, 7.32848083e+02, 8.07517761e+02,
    7.46876953e+02, 7.65406982e+02, 7.60984314e+02, 7.23063232e+02,
    7.75273193e+02, 6.80488342e+02, 7.89381653e+02, 6.37733826e+02,
    8.03614502e+02, 5.94728210e+02, 8.17874146e+02, 5.51590759e+02,
    7.62259399e+02, 8.59095947e+02, 7.76232422e+02, 8.17435059e+02,
    7.90292480e+02, 7.75808594e+02, 8.04399170e+02, 7.34025513e+02,
    8.18430359e+02, 6.91970337e+02, 8.32516541e+02, 6.49685120e+02,
    8.46593018e+02, 6.07402832e+02, 8.60639282e+02, 5.64720703e+02,
    8.04750854e+02, 8.67952454e+02, 8.18548523e+02, 8.27029541e+02,
    8.32494019e+02, 7.85880188e+02, 8.46459656e+02, 7.44578247e+02,
    8.60415833e+02, 7.03085205e+02, 8.74484375e+02, 6.61412537e+02,
    8.88533142e+02, 6.19505615e+02, 9.02574097e+02, 5.77420288e+02,
    8.46714966e+02, 8.76868530e+02, 8.60361389e+02, 8.36417725e+02,
    8.74203979e+02, 7.95809204e+02, 8.88041809e+02, 7.55135925e+02,
    9.01874084e+02, 7.13947144e+02, 9.15748779e+02, 6.72753845e+02,
    9.29651428e+02, 6.31491028e+02, 9.43739990e+02, 5.90129211e+02 ]
