%YAML:1.0
---
points: [ 3.70336365e+02, 7.53679810e+02, 3.89200897e+02, 7.07949768e+02,
    4.08335510e+02, 6.62152893e+02, 4.27214294e+02, 6.16379028e+02,
    4.46280548e+02, 5.70429626e+02, 4.65174866e+02, 5.24507507e+02,
    4.84172546e+02, 4.78368744e+02, 5.03284241e+02, 4.31942535e+02,
    4.21903625e+02, 7.68542786e+02, 4.40722382e+02, 7.23460754e+02,
    4.59548615e+02, 6.78363647e+02, 4.78311066e+02, 6.33374329e+02,
    4.97252930e+02, 5.88119080e+02, 5.16080261e+02, 5.42804138e+02,
    5.34832642e+02, 4.97466003e+02, 5.53642212e+02, 4.51801636e+02,
    4.72256866e+02, 7.83037292e+02, 4.90662262e+02, 7.38636292e+02,
    5.09345459e+02, 6.94191772e+02, 5.27890076e+02, 6.49657593e+02,
    5.46598877e+02, 6.05212708e+02, 5.65347351e+02, 5.60630188e+02,
    5.83884888e+02, 5.15976196e+02, 6.02583191e+02, 4.71006683e+02,
    5.20817505e+02, 7.97014343e+02, 5.39297058e+02, 7.53365601e+02,
    5.57693726e+02, 7.09481689e+02, 5.76207764e+02, 6.65688171e+02,
    5.94615906e+02, 6.21777954e+02, 6.13226501e+02, 5.77861145e+02,
    6.31564941e+02, 5.33934998e+02, 6.50063904e+02, 4.89670258e+02,
    5.68477173e+02, 8.10766235e+02, 5.86691895e+02, 7.67595886e+02,
    6.04848816e+02, 7.24441040e+02, 6.23147766e+02, 6.81436462e+02,
    6.41401123e+02, 6.38164612e+02, 6.59644531e+02, 5.94865479e+02,
    6.77932007e+02, 5.51490356e+02, 6.96283142e+02, 5.07868805e+02,
    6.14564026e+02, 8.24106018e+02, 6.32570007e+02, 7.81649780e+02,
    6.50582825e+02, 7.39172668e+02, 6.68523315e+02, 6.96580750e+02,
    6.86675842e+02, 6.53871033e+02, 7.04604004e+02, 6.11297424e+02,
    7.22763733e+02, 5.68426392e+02, 7.40906250e+02, 5.25495361e+02,
    6.59349731e+02, 8.37275757e+02, 6.77257446e+02, 7.95410828e+02,
    6.95023376e+02, 7.53492676e+02, 7.12813721e+02, 7.11542297e+02,
    7.30714905e+02, 6.69472046e+02, 7.48623901e+02, 6.27333069e+02,
    7.66582825e+02, 5.85092712e+02, 7.84529541e+02, 5.42669128e+02,
    7.03385254e+02, 8.50107483e+02, 7.20919983e+02, 8.08717285e+02,
    7.38599426e+02, 7.67548523e+02, 7.56340942e+02, 7.26288391e+02,
    7.74058411e+02, 6.84667603e+02, 7.91685974e+02, 6.43229614e+02,
    8.09480103e+02, 6.01412354e+02, 8.27266785e+02, 5.59468628e+02,
    7.45961731e+02, 8.62455261e+02, 7.63349121e+02, 8.21792297e+02,
    7.80857910e+02, 7.81232117e+02, 7.98447571e+02, 7.40437439e+02,
    8.15854126e+02, 6.99436707e+02, 8.33475281e+02, 6.58400513e+02,
    8.51116211e+02, 6.17253906e+02, 8.68587891e+02, 5.75730896e+02,
    7.87365601e+02, 8.74558960e+02, 8.04607117e+02, 8.34413635e+02,
    8.21964111e+02, 7.94271118e+02, 8.39342957e+02, 7.54153442e+02,
    8.56653870e+02, 7.13619568e+02, 8.73987488e+02, 6.73171265e+02,
    8.91487854e+02, 6.32450195e+02, 9.08855408e+02, 5.91600769e+02,
    8.28322449e+02, 8.86528320e+02, 8.45351807e+02, 8.46885132e+02,
    8.62321533e+02, 8.07285583e+02, 8.79530396e+02, 7.67518494e+02,
    8.96679565e+02, 7.27575256e+02, 9.13920044e+02, 6.87563782e+02,
    9.31190979e+02, 6.47489685e+02, 9.48497314e+02, 6.07245422e+02 ]
