%YAML:1.0
---
points: [ 3.88615723e+02, 7.05001282e+02, 4.11633698e+02, 6.62263245e+02,
    4.35010956e+02, 6.19403259e+02, 4.58321503e+02, 5.76501892e+02,
    4.81618011e+02, 5.33410706e+02, 5.04778473e+02, 4.90360443e+02,
    5.28171814e+02, 4.47292358e+02, 5.51514465e+02, 4.03841766e+02,
    4.37129791e+02, 7.24737122e+02, 4.60142090e+02, 6.82542419e+02,
    4.83236023e+02, 6.40412109e+02, 5.06233887e+02, 5.98169617e+02,
    5.29409790e+02, 5.55705444e+02, 5.52314636e+02, 5.13384705e+02,
    5.75436035e+02, 4.70862122e+02, 5.98514771e+02, 4.28142242e+02,
    4.84420593e+02, 7.43856262e+02, 5.07097748e+02, 7.02340088e+02,
    5.29943420e+02, 6.60611206e+02, 5.52646423e+02, 6.19162964e+02,
    5.75521240e+02, 5.77392883e+02, 5.98360046e+02, 5.35648010e+02,
    6.21169006e+02, 4.93805267e+02, 6.44142700e+02, 4.51737885e+02,
    5.30369812e+02, 7.62586121e+02, 5.52726013e+02, 7.21441040e+02,
    5.75380127e+02, 6.80511719e+02, 5.97884521e+02, 6.39525574e+02,
    6.20402161e+02, 5.98485168e+02, 6.42953308e+02, 5.57354309e+02,
    6.65578796e+02, 5.16122864e+02, 6.88306458e+02, 4.74622986e+02,
    5.75212891e+02, 7.80702637e+02, 5.97392761e+02, 7.40435242e+02,
    6.19616394e+02, 6.99842957e+02, 6.41866333e+02, 6.59499756e+02,
    6.64225891e+02, 6.19170227e+02, 6.86497498e+02, 5.78536682e+02,
    7.08913879e+02, 5.37756287e+02, 7.31329407e+02, 4.97020599e+02,
    6.18558350e+02, 7.98492798e+02, 6.40551086e+02, 7.58623779e+02,
    6.62560181e+02, 7.18804993e+02, 6.84568726e+02, 6.79000854e+02,
    7.06588806e+02, 6.39147827e+02, 7.28679260e+02, 5.99054260e+02,
    7.50819214e+02, 5.58764771e+02, 7.73073364e+02, 5.18573730e+02,
    6.60887939e+02, 8.15730225e+02, 6.82604065e+02, 7.76632202e+02,
    7.04420044e+02, 7.37428955e+02, 7.26197937e+02, 6.98281555e+02,
    7.47955750e+02, 6.58705627e+02, 7.69820129e+02, 6.19314636e+02,
    7.91857300e+02, 5.79551758e+02, 8.13969971e+02, 5.39739380e+02,
    7.02300232e+02, 8.32766357e+02, 7.23756775e+02, 7.94292542e+02,
    7.45389648e+02, 7.55651733e+02, 7.66946045e+02, 7.16916077e+02,
    7.88544495e+02, 6.78142822e+02, 8.10273743e+02, 6.39056824e+02,
    8.32070496e+02, 5.99763306e+02, 8.53805969e+02, 5.60542908e+02,
    7.42509033e+02, 8.49398621e+02, 7.63729797e+02, 8.11384827e+02,
    7.85139832e+02, 7.73287537e+02, 8.06511658e+02, 7.35221313e+02,
    8.27972778e+02, 6.96593506e+02, 8.49521423e+02, 6.58192505e+02,
    8.71029541e+02, 6.19574829e+02, 8.92585999e+02, 5.80549744e+02,
    7.81627258e+02, 8.65482483e+02, 8.02741394e+02, 8.27826416e+02,
    8.23929810e+02, 7.90346436e+02, 8.45150024e+02, 7.52666870e+02,
    8.66411194e+02, 7.14777710e+02, 8.87582153e+02, 6.76693298e+02,
    9.08920898e+02, 6.38524841e+02, 9.30335083e+02, 6.00257385e+02,
    8.20381836e+02, 8.81509094e+02, 8.41221863e+02, 8.44327148e+02,
    8.62151855e+02, 8.07213440e+02, 8.83084229e+02, 7.69841431e+02,
    9.04073975e+02, 7.32463684e+02, 9.25215698e+02, 6.94837708e+02,
    9.46342224e+02, 6.57334778e+02, 9.67508362e+02, 6.19585754e+02 ]
