%YAML:1.0
---
points: [ 3.95552338e+02, 6.40105591e+02, 4.26009033e+02, 6.01638489e+02,
    4.56640961e+02, 5.63509460e+02, 4.87187195e+02, 5.25356384e+02,
    5.17790222e+02, 4.86922302e+02, 5.48184448e+02, 4.48806000e+02,
    5.78574219e+02, 4.10502960e+02, 6.09257080e+02, 3.71997314e+02,
    4.39532928e+02, 6.67594971e+02, 4.69688568e+02, 6.29716553e+02,
    4.99880554e+02, 5.92120056e+02, 5.30109192e+02, 5.54429443e+02,
    5.60319641e+02, 5.16793274e+02, 5.90336548e+02, 4.79102814e+02,
    6.20442993e+02, 4.41353882e+02, 6.50618591e+02, 4.03467987e+02,
    4.82362152e+02, 6.94369568e+02, 5.12280151e+02, 6.57073792e+02,
    5.42067139e+02, 6.19791626e+02, 5.71715881e+02, 5.82684692e+02,
    6.01484680e+02, 5.45613403e+02, 6.31249451e+02, 5.08458954e+02,
    6.60902771e+02, 4.71344116e+02, 6.90711670e+02, 4.33940094e+02,
    5.23897156e+02, 7.20355347e+02, 5.53393921e+02, 6.83576538e+02,
    5.82760437e+02, 6.46923218e+02, 6.12193176e+02, 6.10373840e+02,
    6.41541870e+02, 5.73700562e+02, 6.70830078e+02, 5.37180420e+02,
    7.00285034e+02, 5.00513611e+02, 7.29782410e+02, 4.63615997e+02,
    5.64637329e+02, 7.45838318e+02, 5.93628601e+02, 7.09595215e+02,
    6.22619263e+02, 6.73422607e+02, 6.51583618e+02, 6.37379211e+02,
    6.80627747e+02, 6.01264832e+02, 7.09566528e+02, 5.65233215e+02,
    7.38628601e+02, 5.28974976e+02, 7.67782104e+02, 4.92614410e+02,
    6.03936523e+02, 7.70590515e+02, 6.32682556e+02, 7.34821838e+02,
    6.61351135e+02, 6.99225586e+02, 6.89799377e+02, 6.63674316e+02,
    7.18529724e+02, 6.27957825e+02, 7.47226074e+02, 5.92380920e+02,
    7.75999756e+02, 5.56572754e+02, 8.04715454e+02, 5.20766968e+02,
    6.42297363e+02, 7.94806213e+02, 6.70556274e+02, 7.59684692e+02,
    6.98914978e+02, 7.24580017e+02, 7.27226868e+02, 6.89575439e+02,
    7.55556580e+02, 6.54319214e+02, 7.84027161e+02, 6.19155945e+02,
    8.12463745e+02, 5.83789673e+02, 8.40936523e+02, 5.48362976e+02,
    6.79842651e+02, 8.18717834e+02, 7.07869629e+02, 7.84166138e+02,
    7.35781372e+02, 7.49549927e+02, 7.63823181e+02, 7.14962341e+02,
    7.91921387e+02, 6.80215393e+02, 8.20158569e+02, 6.45356934e+02,
    8.48275757e+02, 6.10447815e+02, 8.76420654e+02, 5.75377869e+02,
    7.16421387e+02, 8.41965454e+02, 7.44076111e+02, 8.07823730e+02,
    7.71791077e+02, 7.73652100e+02, 7.99561340e+02, 7.39534729e+02,
    8.27310791e+02, 7.05248840e+02, 8.55202942e+02, 6.70745361e+02,
    8.82962891e+02, 6.36249817e+02, 9.10857483e+02, 6.01564941e+02,
    7.52046692e+02, 8.64617981e+02, 7.79448120e+02, 8.30910278e+02,
    8.06748230e+02, 7.97141479e+02, 8.34275024e+02, 7.63448608e+02,
    8.61764709e+02, 7.29437012e+02, 8.89239929e+02, 6.95490723e+02,
    9.16898987e+02, 6.61428284e+02, 9.44476807e+02, 6.27165894e+02,
    7.87335571e+02, 8.87046082e+02, 8.14293701e+02, 8.53665527e+02,
    8.41410400e+02, 8.20315430e+02, 8.68542542e+02, 7.86845947e+02,
    8.95693665e+02, 7.53356812e+02, 9.22891968e+02, 7.19702454e+02,
    9.50273438e+02, 6.86182129e+02, 9.77584167e+02, 6.52422546e+02 ]
