%YAML:1.0
---
points: [ 3.69296051e+02, 6.06357727e+02, 4.00277100e+02, 5.61582764e+02,
    4.31209320e+02, 5.16903809e+02, 4.62100159e+02, 4.72261658e+02,
    4.92915283e+02, 4.27403442e+02, 5.23598633e+02, 3.82559479e+02,
    5.54302246e+02, 3.37586884e+02, 5.85031250e+02, 2.92376465e+02,
    4.19332153e+02, 6.35567627e+02, 4.49977081e+02, 5.91242493e+02,
    4.80579407e+02, 5.47155273e+02, 5.11296722e+02, 5.02918518e+02,
    5.41668884e+02, 4.58609680e+02, 5.72139160e+02, 4.14325287e+02,
    6.02482361e+02, 3.69975525e+02, 6.32914001e+02, 3.25382446e+02,
    4.68187317e+02, 6.64119324e+02, 4.98521057e+02, 6.20293701e+02,
    5.28936523e+02, 5.76480591e+02, 5.59185608e+02, 5.32843201e+02,
    5.89375854e+02, 4.89158508e+02, 6.19467407e+02, 4.45403290e+02,
    6.49463745e+02, 4.01564148e+02, 6.79637512e+02, 3.57541534e+02,
    5.15924377e+02, 6.91875977e+02, 5.45980774e+02, 6.48504578e+02,
    5.75961487e+02, 6.05372314e+02, 6.05936157e+02, 5.62237549e+02,
    6.35744507e+02, 5.18899963e+02, 6.65530090e+02, 4.75672760e+02,
    6.95351990e+02, 4.32380707e+02, 7.25271179e+02, 3.88797729e+02,
    5.62862915e+02, 7.19245667e+02, 5.92468079e+02, 6.76304077e+02,
    6.22182129e+02, 6.33577759e+02, 6.51674255e+02, 5.91008972e+02,
    6.81309387e+02, 5.48210144e+02, 7.10703918e+02, 5.05440338e+02,
    7.40309937e+02, 4.62600677e+02, 7.69912537e+02, 4.19612183e+02,
    6.08439575e+02, 7.45856506e+02, 6.37763184e+02, 7.03554077e+02,
    6.67124756e+02, 6.61351013e+02, 6.96332581e+02, 6.19139893e+02,
    7.25586121e+02, 5.76728638e+02, 7.54775940e+02, 5.34441711e+02,
    7.84141235e+02, 4.92036591e+02, 8.13435242e+02, 4.49530487e+02,
    6.53052185e+02, 7.72189453e+02, 6.82098938e+02, 7.30387085e+02,
    7.11035278e+02, 6.88621948e+02, 7.39933655e+02, 6.46714478e+02,
    7.69099609e+02, 6.04793945e+02, 7.98129639e+02, 5.63061462e+02,
    8.27238037e+02, 5.21114319e+02, 8.56332397e+02, 4.79031830e+02,
    6.96935730e+02, 7.98131775e+02, 7.25706055e+02, 7.56697876e+02,
    7.54393066e+02, 7.15562683e+02, 7.83127319e+02, 6.74186707e+02,
    8.11869995e+02, 6.32673889e+02, 8.40663330e+02, 5.91253479e+02,
    8.69566406e+02, 5.49646606e+02, 8.98502625e+02, 5.07916687e+02,
    7.39749207e+02, 8.23339050e+02, 7.68255310e+02, 7.82563538e+02,
    7.96680298e+02, 7.41673035e+02, 8.25246521e+02, 7.00764099e+02,
    8.53751770e+02, 6.59682983e+02, 8.82293579e+02, 6.18618591e+02,
    9.10904053e+02, 5.77486816e+02, 9.39527344e+02, 5.36194702e+02,
    7.81705017e+02, 8.48123840e+02, 8.09959045e+02, 8.07657471e+02,
    8.38187927e+02, 7.67243774e+02, 8.66466064e+02, 7.26682739e+02,
    8.94738281e+02, 6.86230103e+02, 9.23060791e+02, 6.45468201e+02,
    9.51429993e+02, 6.04608643e+02, 9.79687256e+02, 5.63832397e+02,
    8.23412842e+02, 8.72869629e+02, 8.51346680e+02, 8.32725342e+02,
    8.79343872e+02, 7.92572083e+02, 9.07269775e+02, 7.52534546e+02,
    9.35285583e+02, 7.12314819e+02, 9.63424988e+02, 6.71900208e+02,
    9.91526672e+02, 6.31621460e+02, 1.01968127e+03, 5.91318848e+02 ]
