%YAML:1.0
---
points: [ 4.45345490e+02, 7.69947266e+02, 4.50163696e+02, 7.15423218e+02,
    4.55075226e+02, 6.61055481e+02, 4.59772552e+02, 6.06968811e+02,
    4.64495972e+02, 5.52635132e+02, 4.69019989e+02, 4.98326324e+02,
    4.73272217e+02, 4.43869446e+02, 4.77386108e+02, 3.89364288e+02,
    5.04412781e+02, 7.70924011e+02, 5.09142181e+02, 7.17303040e+02,
    5.13898987e+02, 6.63805481e+02, 5.18585144e+02, 6.10248230e+02,
    5.23158508e+02, 5.56616211e+02, 5.27622925e+02, 5.03281281e+02,
    5.31969727e+02, 4.49687378e+02, 5.36243774e+02, 3.96041321e+02,
    5.61619690e+02, 7.71852112e+02, 5.66385193e+02, 7.18859497e+02,
    5.71002136e+02, 6.66164001e+02, 5.75589844e+02, 6.13517822e+02,
    5.80187317e+02, 5.60803955e+02, 5.84575989e+02, 5.08243958e+02,
    5.88762878e+02, 4.55288239e+02, 5.92951172e+02, 4.02346497e+02,
    6.17442627e+02, 7.72741455e+02, 6.22047241e+02, 7.20575500e+02,
    6.26592834e+02, 6.68683228e+02, 6.30964661e+02, 6.16894775e+02,
    6.35363403e+02, 5.64788818e+02, 6.39598389e+02, 5.12840210e+02,
    6.44012878e+02, 4.60715149e+02, 6.48361023e+02, 4.08494049e+02,
    6.71526489e+02, 7.73693176e+02, 6.76071045e+02, 7.22357300e+02,
    6.80529846e+02, 6.71007385e+02, 6.85058228e+02, 6.19857544e+02,
    6.89314453e+02, 5.68623352e+02, 6.93458374e+02, 5.17528320e+02,
    6.97646423e+02, 4.66043701e+02, 7.01935425e+02, 4.14522919e+02,
    7.24001099e+02, 7.74738892e+02, 7.28481140e+02, 7.23994324e+02,
    7.32875854e+02, 6.73491150e+02, 7.37179260e+02, 6.22966431e+02,
    7.41459534e+02, 5.72358032e+02, 7.45479004e+02, 5.21790283e+02,
    7.49736328e+02, 4.71205780e+02, 7.54014771e+02, 4.20324158e+02,
    7.75217041e+02, 7.75666199e+02, 7.79571594e+02, 7.25732361e+02,
    7.83731567e+02, 6.75926453e+02, 7.87913269e+02, 6.26101318e+02,
    7.92214905e+02, 5.76117432e+02, 7.96494507e+02, 5.26188904e+02,
    8.00620178e+02, 4.76410583e+02, 8.04980347e+02, 4.26121368e+02,
    8.25153076e+02, 7.76674255e+02, 8.29325562e+02, 7.27555237e+02,
    8.33613953e+02, 6.78241882e+02, 8.37916809e+02, 6.29057373e+02,
    8.42335266e+02, 5.79823975e+02, 8.46283264e+02, 5.30394348e+02,
    8.50403320e+02, 4.81096710e+02, 8.54509827e+02, 4.31578003e+02,
    8.73693787e+02, 7.77631165e+02, 8.77778625e+02, 7.29114319e+02,
    8.82168884e+02, 6.80644470e+02, 8.86338684e+02, 6.32062988e+02,
    8.90624573e+02, 5.83147034e+02, 8.94857666e+02, 5.34488892e+02,
    8.98773132e+02, 4.85765778e+02, 9.02728394e+02, 4.37048462e+02,
    9.21002014e+02, 7.78649353e+02, 9.24938904e+02, 7.30647095e+02,
    9.29186829e+02, 6.82641602e+02, 9.33442017e+02, 6.34751343e+02,
    9.37650940e+02, 5.86597778e+02, 9.41741211e+02, 5.38587219e+02,
    9.45767151e+02, 4.90554169e+02, 9.49851257e+02, 4.42120911e+02,
    9.67612610e+02, 7.79763123e+02, 9.71556335e+02, 7.32358887e+02,
    9.75595886e+02, 6.84936035e+02, 9.79846313e+02, 6.37562378e+02,
    9.83982300e+02, 5.90074280e+02, 9.87915955e+02, 5.42522095e+02,
    9.92072205e+02, 4.95027802e+02, 9.96221558e+02, 4.47364777e+02 ]
