%YAML:1.0
---
points: [ 5.17307373e+02, 8.91415649e+02, 5.01009796e+02, 8.40479126e+02,
    4.84774658e+02, 7.89394165e+02, 4.68400604e+02, 7.38117798e+02,
    4.51571686e+02, 6.86192627e+02, 4.34491455e+02, 6.34007019e+02,
    4.17308197e+02, 5.81351074e+02, 3.99599701e+02, 5.28287292e+02,
    5.72191101e+02, 8.72151184e+02, 5.56431396e+02, 8.21665405e+02,
    5.40558533e+02, 7.71186462e+02, 5.24439270e+02, 7.20279724e+02,
    5.08194275e+02, 6.69107361e+02, 4.91536163e+02, 6.17503967e+02,
    4.74613098e+02, 5.65448242e+02, 4.57395660e+02, 5.12838867e+02,
    6.25932556e+02, 8.53060791e+02, 6.10514526e+02, 8.03324646e+02,
    5.95109009e+02, 7.53256165e+02, 5.79244690e+02, 7.02931763e+02,
    5.63321106e+02, 6.52281799e+02, 5.47052673e+02, 6.01422363e+02,
    5.30500122e+02, 5.49842773e+02, 5.13700378e+02, 4.97826752e+02,
    6.78389099e+02, 8.34644958e+02, 6.63301025e+02, 7.85395447e+02,
    6.47956421e+02, 7.35878845e+02, 6.32760071e+02, 6.86258972e+02,
    6.17010376e+02, 6.36095886e+02, 6.01363647e+02, 5.85619202e+02,
    5.85263062e+02, 5.34585938e+02, 5.68949097e+02, 4.83253021e+02,
    7.29633911e+02, 8.16466187e+02, 7.14841064e+02, 7.67747620e+02,
    7.00122742e+02, 7.18873535e+02, 6.85046448e+02, 6.69758240e+02,
    6.69674622e+02, 6.20156738e+02, 6.54380615e+02, 5.70319031e+02,
    6.38602417e+02, 5.19760742e+02, 6.22856018e+02, 4.69011414e+02,
    7.79616333e+02, 7.98899048e+02, 7.65223389e+02, 7.50750671e+02,
    7.50557251e+02, 7.02483154e+02, 7.35819519e+02, 6.53763245e+02,
    7.20841980e+02, 6.04614563e+02, 7.05864258e+02, 5.55302307e+02,
    6.90728088e+02, 5.05462097e+02, 6.75339966e+02, 4.54893860e+02,
    8.28426636e+02, 7.81848511e+02, 8.14262268e+02, 7.34384216e+02,
    8.00060730e+02, 6.86520020e+02, 7.85614014e+02, 6.38302124e+02,
    7.71064331e+02, 5.89572083e+02, 7.56330505e+02, 5.40539307e+02,
    7.41631592e+02, 4.91322693e+02, 7.26708923e+02, 4.41299683e+02,
    8.76510193e+02, 7.65221558e+02, 8.62646057e+02, 7.18031860e+02,
    8.48745300e+02, 6.70689819e+02, 8.34639709e+02, 6.22945251e+02,
    8.20560669e+02, 5.74696350e+02, 8.06231689e+02, 5.26121338e+02,
    7.91702820e+02, 4.77320312e+02, 7.77114929e+02, 4.27952606e+02,
    9.23309570e+02, 7.48703491e+02, 9.09776611e+02, 7.02237793e+02,
    8.96316833e+02, 6.55204346e+02, 8.82454407e+02, 6.07904053e+02,
    8.68612976e+02, 5.60123962e+02, 8.54579712e+02, 5.12173645e+02,
    8.40462280e+02, 4.63606201e+02, 8.26267090e+02, 4.14610687e+02,
    9.69211670e+02, 7.32690796e+02, 9.55678528e+02, 6.86598999e+02,
    9.42578003e+02, 6.39976379e+02, 9.29183533e+02, 5.93293091e+02,
    9.15657593e+02, 5.45794678e+02, 9.02064514e+02, 4.98300446e+02,
    8.88186890e+02, 4.50299164e+02, 8.74343628e+02, 4.01886322e+02,
    1.01453192e+03, 7.16985718e+02, 1.00148730e+03, 6.71200256e+02,
    9.88467834e+02, 6.25057739e+02, 9.75274414e+02, 5.78620728e+02,
    9.62031311e+02, 5.31906494e+02, 9.48581787e+02, 4.84662933e+02,
    9.35334717e+02, 4.37177979e+02, 9.21702759e+02, 3.89133179e+02 ]
