%YAML:1.0
---
points: [ 5.74710693e+02, 9.35284302e+02, 5.43710754e+02, 8.91457581e+02,
    5.12547668e+02, 8.47462830e+02, 4.80790955e+02, 8.03208313e+02,
    4.48633484e+02, 7.58354675e+02, 4.15991638e+02, 7.13314331e+02,
    3.82792267e+02, 6.67673279e+02, 3.49331573e+02, 6.21398987e+02,
    6.22458008e+02, 9.01286377e+02, 5.91917908e+02, 8.57930054e+02,
    5.61239502e+02, 8.14325867e+02, 5.30173340e+02, 7.70309021e+02,
    4.98405518e+02, 7.25910461e+02, 4.66445526e+02, 6.81169250e+02,
    4.33744904e+02, 6.35890686e+02, 4.00742767e+02, 5.90098450e+02,
    6.68991577e+02, 8.67879883e+02, 6.39052246e+02, 8.25087097e+02,
    6.08881714e+02, 7.81782532e+02, 5.78268372e+02, 7.38345154e+02,
    5.47132019e+02, 6.94252319e+02, 5.15640015e+02, 6.49837341e+02,
    4.83605865e+02, 6.04931824e+02, 4.51195435e+02, 5.59503601e+02,
    7.14435974e+02, 8.35570557e+02, 6.85015564e+02, 7.92976868e+02,
    6.55347656e+02, 7.50162476e+02, 6.25339722e+02, 7.06960022e+02,
    5.94714478e+02, 6.63343506e+02, 5.63858093e+02, 6.19336243e+02,
    5.32410461e+02, 5.74712097e+02, 5.00500061e+02, 5.29581604e+02,
    7.58973633e+02, 8.03699646e+02, 7.30115723e+02, 7.61572632e+02,
    7.00874329e+02, 7.19119446e+02, 6.71386292e+02, 6.76224915e+02,
    6.41392639e+02, 6.32973511e+02, 6.11008484e+02, 5.89199280e+02,
    5.80318054e+02, 5.44947144e+02, 5.48892334e+02, 5.00335938e+02,
    8.02417725e+02, 7.72820496e+02, 7.73939941e+02, 7.31092407e+02,
    7.45295776e+02, 6.88986389e+02, 7.16180847e+02, 6.46425476e+02,
    6.86647827e+02, 6.03364807e+02, 6.56754089e+02, 5.60301331e+02,
    6.26699219e+02, 5.16180115e+02, 5.96363525e+02, 4.71376343e+02,
    8.44814392e+02, 7.42680298e+02, 8.16863831e+02, 7.01277039e+02,
    7.88623535e+02, 6.59467163e+02, 7.60091125e+02, 6.17285461e+02,
    7.31269165e+02, 5.74486084e+02, 7.01982483e+02, 5.31398071e+02,
    6.72318848e+02, 4.87730347e+02, 6.42391479e+02, 4.43585083e+02,
    8.86627197e+02, 7.12986145e+02, 8.59190063e+02, 6.71754883e+02,
    8.31449768e+02, 6.30327454e+02, 8.03428284e+02, 5.88432129e+02,
    7.74972168e+02, 5.45874634e+02, 7.46257812e+02, 5.03129089e+02,
    7.17229797e+02, 4.59719360e+02, 6.87743286e+02, 4.16051971e+02,
    9.27418701e+02, 6.83911133e+02, 9.00457581e+02, 6.43111267e+02,
    8.73225647e+02, 6.01850891e+02, 8.45668274e+02, 5.60237488e+02,
    8.17635071e+02, 5.18106506e+02, 7.89468445e+02, 4.75490509e+02,
    7.60797913e+02, 4.32498962e+02, 7.31893860e+02, 3.89012299e+02,
    9.67321350e+02, 6.55518799e+02, 9.40638428e+02, 6.15193726e+02,
    9.14057251e+02, 5.73949585e+02, 8.86907715e+02, 5.32617493e+02,
    8.59348083e+02, 4.90713989e+02, 8.31671387e+02, 4.48512054e+02,
    8.03578796e+02, 4.05778473e+02, 7.75124084e+02, 3.62618408e+02,
    1.00691455e+03, 6.27356384e+02, 9.80632263e+02, 5.87213135e+02,
    9.54372070e+02, 5.46329651e+02, 9.27651123e+02, 5.05368225e+02,
    9.00653320e+02, 4.63684814e+02, 8.73384460e+02, 4.21844940e+02,
    8.45798584e+02, 3.79470459e+02, 8.17906128e+02, 3.36525269e+02 ]
