%YAML:1.0
---
points: [ 6.15403564e+02, 9.31166748e+02, 5.79382874e+02, 8.95578247e+02,
    5.42480286e+02, 8.59519165e+02, 5.04638519e+02, 8.22695557e+02,
    4.65672180e+02, 7.85179382e+02, 4.25558197e+02, 7.46734436e+02,
    3.84398956e+02, 7.07451355e+02, 3.42112946e+02, 6.66929382e+02,
    6.56482300e+02, 8.94749512e+02, 6.21045837e+02, 8.59318298e+02,
    5.84820251e+02, 8.23064392e+02, 5.47645630e+02, 7.86266174e+02,
    5.09439178e+02, 7.48398010e+02, 4.70044281e+02, 7.09853333e+02,
    4.29538544e+02, 6.70260925e+02, 3.87875122e+02, 6.29564636e+02,
    6.96977234e+02, 8.58914368e+02, 6.62199829e+02, 8.23417725e+02,
    6.26645142e+02, 7.87174194e+02, 5.90154602e+02, 7.50162781e+02,
    5.52552307e+02, 7.12308533e+02, 5.13891907e+02, 6.73486389e+02,
    4.74126495e+02, 6.33650696e+02, 4.33126892e+02, 5.92720520e+02,
    7.36742310e+02, 8.23730957e+02, 7.02693604e+02, 7.88190430e+02,
    6.67770203e+02, 7.51758667e+02, 6.32140076e+02, 7.14604248e+02,
    5.95242981e+02, 6.76450195e+02, 5.57423218e+02, 6.37498779e+02,
    5.18390015e+02, 5.97546875e+02, 4.78243347e+02, 5.56291687e+02,
    7.76396912e+02, 7.88853210e+02, 7.42813171e+02, 7.53142273e+02,
    7.08693665e+02, 7.16658020e+02, 6.73587891e+02, 6.79374207e+02,
    6.37512085e+02, 6.41218567e+02, 6.00299805e+02, 6.02026733e+02,
    5.62178345e+02, 5.61684814e+02, 5.22801453e+02, 5.20296936e+02,
    8.15169373e+02, 7.54718811e+02, 7.82409851e+02, 7.18865234e+02,
    7.48856506e+02, 6.82274475e+02, 7.14407959e+02, 6.44778748e+02,
    6.79008728e+02, 6.06328308e+02, 6.42562256e+02, 5.67013306e+02,
    6.05169861e+02, 5.26396362e+02, 5.66658264e+02, 4.84611023e+02,
    8.53532349e+02, 7.20953430e+02, 8.21430054e+02, 6.85160278e+02,
    7.88530396e+02, 6.48367004e+02, 7.54798584e+02, 6.10695862e+02,
    7.20137268e+02, 5.71898193e+02, 6.84517395e+02, 5.32269226e+02,
    6.47804626e+02, 4.91450317e+02, 6.10271301e+02, 4.49415833e+02,
    8.91757446e+02, 6.87613464e+02, 8.60312012e+02, 6.51526306e+02,
    8.28133484e+02, 6.14539673e+02, 7.95042358e+02, 5.76624390e+02,
    7.60975891e+02, 5.37642090e+02, 7.26130249e+02, 4.97704468e+02,
    6.90211792e+02, 4.56615295e+02, 6.53350281e+02, 4.14382660e+02,
    9.29440063e+02, 6.54511353e+02, 8.98521240e+02, 6.18318176e+02,
    8.67028992e+02, 5.81156128e+02, 8.34560059e+02, 5.43123657e+02,
    8.01254395e+02, 5.03903809e+02, 7.67023315e+02, 4.63639526e+02,
    7.31725281e+02, 4.22338593e+02, 6.95623108e+02, 3.79849854e+02,
    9.66681458e+02, 6.21737671e+02, 9.36369080e+02, 5.85368347e+02,
    9.05306030e+02, 5.48080933e+02, 8.73588135e+02, 5.09728790e+02,
    8.40881104e+02, 4.70392395e+02, 8.07351257e+02, 4.29937653e+02,
    7.72811157e+02, 3.88349121e+02, 7.37442261e+02, 3.45746002e+02,
    1.00388269e+03, 5.89119507e+02, 9.74171326e+02, 5.52380432e+02,
    9.43720886e+02, 5.14902954e+02, 9.12571045e+02, 4.76449158e+02,
    8.80502563e+02, 4.36722534e+02, 8.47578857e+02, 3.96249878e+02,
    8.13849670e+02, 3.54413361e+02, 7.79249268e+02, 3.11439911e+02 ]
