%YAML:1.0
---
points: [ 5.43860779e+02, 8.62730225e+02, 5.12793091e+02, 8.36681641e+02,
    4.81001343e+02, 8.10141968e+02, 4.48266998e+02, 7.82895203e+02,
    4.14606934e+02, 7.55088989e+02, 3.79887970e+02, 7.26608093e+02,
    3.44266663e+02, 6.97456604e+02, 3.07572693e+02, 6.67504211e+02,
    5.75371033e+02, 8.34177368e+02, 5.44671021e+02, 8.07967773e+02,
    5.13392151e+02, 7.81140259e+02, 4.80913788e+02, 7.53621094e+02,
    4.47736786e+02, 7.25625305e+02, 4.13451782e+02, 6.96869202e+02,
    3.78210083e+02, 6.67497498e+02, 3.41851807e+02, 6.37067383e+02,
    6.06688354e+02, 8.05751587e+02, 5.77090454e+02, 7.79463562e+02,
    5.45428223e+02, 7.52393311e+02, 5.13607117e+02, 7.24635498e+02,
    4.80594177e+02, 6.96417358e+02, 4.46813477e+02, 6.67494568e+02,
    4.11954956e+02, 6.37565674e+02, 3.76186768e+02, 6.06832520e+02,
    6.37905457e+02, 7.77594849e+02, 6.08083435e+02, 7.50931580e+02,
    5.77490967e+02, 7.23695862e+02, 5.46040283e+02, 6.95816956e+02,
    5.13596069e+02, 6.67343140e+02, 4.80184875e+02, 6.37888123e+02,
    4.45804260e+02, 6.07849365e+02, 4.10372864e+02, 5.76758606e+02,
    6.68809021e+02, 7.49503479e+02, 6.39546875e+02, 7.22584656e+02,
    6.09449890e+02, 6.95226379e+02, 5.78427490e+02, 6.67197937e+02,
    5.46409912e+02, 6.38272278e+02, 5.13474731e+02, 6.08684570e+02,
    4.79529633e+02, 5.78209900e+02, 4.44680206e+02, 5.46644714e+02,
    6.99652283e+02, 7.21701111e+02, 6.70758118e+02, 6.94630493e+02,
    6.41168274e+02, 6.67019043e+02, 6.10555054e+02, 6.38627930e+02,
    5.79030518e+02, 6.09516541e+02, 5.46531128e+02, 5.79445312e+02,
    5.13245667e+02, 5.48625488e+02, 4.78706757e+02, 5.16671570e+02,
    7.30357056e+02, 6.94189697e+02, 7.01862732e+02, 6.66896301e+02,
    6.72558533e+02, 6.39046753e+02, 6.42507324e+02, 6.10410950e+02,
    6.11532715e+02, 5.80778748e+02, 5.79646362e+02, 5.50470703e+02,
    5.46830383e+02, 5.19162842e+02, 5.13113281e+02, 4.86708160e+02,
    7.60868774e+02, 6.66645142e+02, 7.32946838e+02, 6.39155823e+02,
    7.04286560e+02, 6.10891968e+02, 6.74632935e+02, 5.81962585e+02,
    6.44242371e+02, 5.52125977e+02, 6.12772400e+02, 5.21352539e+02,
    5.80458618e+02, 4.89556641e+02, 5.47210510e+02, 4.56834015e+02,
    7.91348083e+02, 6.39278625e+02, 7.63729004e+02, 6.11452637e+02,
    7.35568298e+02, 5.83026855e+02, 7.06433350e+02, 5.53648743e+02,
    6.76456299e+02, 5.23508240e+02, 6.45582581e+02, 4.92346466e+02,
    6.13785706e+02, 4.60254028e+02, 5.81154480e+02, 4.27058960e+02,
    8.21505188e+02, 6.11793152e+02, 7.94401978e+02, 5.83881714e+02,
    7.66630127e+02, 5.55039612e+02, 7.38089661e+02, 5.25429199e+02,
    7.08529663e+02, 4.94866333e+02, 6.78248657e+02, 4.63407104e+02,
    6.46936340e+02, 4.30900818e+02, 6.14712280e+02, 3.97481262e+02,
    8.51816711e+02, 5.84383423e+02, 8.25273987e+02, 5.56046326e+02,
    7.97886414e+02, 5.26911865e+02, 7.69687866e+02, 4.96961121e+02,
    7.40788879e+02, 4.66025818e+02, 7.10960754e+02, 4.34225342e+02,
    6.80271484e+02, 4.01414551e+02, 6.48565979e+02, 3.67641571e+02 ]
