%YAML:1.0
---
points: [ 5.88157898e+02, 8.69845886e+02, 5.53298462e+02, 8.48613831e+02,
    5.17622253e+02, 8.26972717e+02, 4.81053253e+02, 8.04807068e+02,
    4.43341278e+02, 7.82370789e+02, 4.04613525e+02, 7.59309814e+02,
    3.64892273e+02, 7.35691833e+02, 3.24258698e+02, 7.11397461e+02,
    6.14469055e+02, 8.36797241e+02, 5.79813416e+02, 8.15407654e+02,
    5.44541992e+02, 7.93438538e+02, 5.08300262e+02, 7.71042236e+02,
    4.70898590e+02, 7.48112610e+02, 4.32594666e+02, 7.24775452e+02,
    3.93236053e+02, 7.00748718e+02, 3.52656433e+02, 6.76117554e+02,
    6.40529175e+02, 8.03944763e+02, 6.06351257e+02, 7.82310547e+02,
    5.71283081e+02, 7.60155273e+02, 5.35375244e+02, 7.37456116e+02,
    4.98380249e+02, 7.14328064e+02, 4.60400116e+02, 6.90510132e+02,
    4.21241760e+02, 6.66199890e+02, 3.81268219e+02, 6.41106201e+02,
    6.66378479e+02, 7.71402283e+02, 6.32529541e+02, 7.49425659e+02,
    5.97928650e+02, 7.26909973e+02, 5.62443115e+02, 7.04056885e+02,
    5.25709595e+02, 6.80481750e+02, 4.88197571e+02, 6.56339355e+02,
    4.49471222e+02, 6.31581360e+02, 4.09661804e+02, 6.06148132e+02,
    6.92118286e+02, 7.38883728e+02, 6.58727356e+02, 7.16651611e+02,
    6.24559570e+02, 6.93952393e+02, 5.89395020e+02, 6.70602234e+02,
    5.53083984e+02, 6.46810669e+02, 5.15791077e+02, 6.22299866e+02,
    4.77521942e+02, 5.97135559e+02, 4.38289886e+02, 5.71133850e+02,
    7.17664124e+02, 7.06774597e+02, 6.84680542e+02, 6.84297791e+02,
    6.50853577e+02, 6.61247253e+02, 6.16115051e+02, 6.37606384e+02,
    5.80240112e+02, 6.13381775e+02, 5.43421265e+02, 5.88490906e+02,
    5.05504883e+02, 5.62785461e+02, 4.66535797e+02, 5.36444580e+02,
    7.43152954e+02, 6.74779663e+02, 7.10549500e+02, 6.52064453e+02,
    6.77172974e+02, 6.28693481e+02, 6.42686279e+02, 6.04708557e+02,
    6.07342041e+02, 5.80066223e+02, 5.70842407e+02, 5.54677063e+02,
    5.33485352e+02, 5.28564026e+02, 4.94904846e+02, 5.01575256e+02,
    7.68571777e+02, 6.42843750e+02, 7.36451965e+02, 6.19722168e+02,
    7.03468872e+02, 5.96051147e+02, 6.69456665e+02, 5.71718018e+02,
    6.34486633e+02, 5.46631287e+02, 5.98479065e+02, 5.20779480e+02,
    5.61491028e+02, 4.94235260e+02, 5.23366577e+02, 4.66850342e+02,
    7.93893860e+02, 6.11130066e+02, 7.62077271e+02, 5.87649963e+02,
    7.29448120e+02, 5.63578186e+02, 6.95814026e+02, 5.38837646e+02,
    6.61291016e+02, 5.13440857e+02, 6.25694946e+02, 4.87169312e+02,
    5.89042419e+02, 4.60185730e+02, 5.51492798e+02, 4.32293427e+02,
    8.19053162e+02, 5.79394714e+02, 7.87521057e+02, 5.55594971e+02,
    7.55279968e+02, 5.31222717e+02, 7.22144836e+02, 5.06127228e+02,
    6.87870605e+02, 4.80198364e+02, 6.52762329e+02, 4.53602722e+02,
    6.16616577e+02, 4.26212372e+02, 5.79483643e+02, 3.97879761e+02,
    8.44274048e+02, 5.47494385e+02, 8.13199585e+02, 5.23373230e+02,
    7.81299988e+02, 4.98522614e+02, 7.48508545e+02, 4.73154541e+02,
    7.14655518e+02, 4.46751892e+02, 6.80101379e+02, 4.19732941e+02,
    6.44374695e+02, 3.91916626e+02, 6.07614685e+02, 3.63227112e+02 ]
