%YAML:1.0
---
points: [ 4.80630859e+02, 8.47569763e+02, 4.61372711e+02, 8.12974487e+02,
    4.41574463e+02, 7.77720764e+02, 4.21318115e+02, 7.41748169e+02,
    4.00421600e+02, 7.05161865e+02, 3.78901428e+02, 6.67763733e+02,
    3.56978241e+02, 6.29663208e+02, 3.34431610e+02, 5.90535278e+02,
    5.20944824e+02, 8.29215210e+02, 5.02162079e+02, 7.94583130e+02,
    4.82839142e+02, 7.59436340e+02, 4.63084259e+02, 7.23530334e+02,
    4.42670319e+02, 6.87086853e+02, 4.21806305e+02, 6.49716003e+02,
    4.00388489e+02, 6.11605347e+02, 3.78387085e+02, 5.72631348e+02,
    5.60774719e+02, 8.10855042e+02, 5.42404602e+02, 7.76500916e+02,
    5.23643982e+02, 7.41498047e+02, 5.04400940e+02, 7.05645996e+02,
    4.84540649e+02, 6.69247498e+02, 4.64243347e+02, 6.31995117e+02,
    4.43329895e+02, 5.94015930e+02, 4.21807892e+02, 5.54953308e+02,
    5.99989929e+02, 7.92982544e+02, 5.82240906e+02, 7.58566406e+02,
    5.63820740e+02, 7.23625244e+02, 5.45216797e+02, 6.88127014e+02,
    5.25815857e+02, 6.51616211e+02, 5.06063202e+02, 6.14554688e+02,
    4.85752411e+02, 5.76545837e+02, 4.64980225e+02, 5.37510559e+02,
    6.39087585e+02, 7.75161560e+02, 6.21508545e+02, 7.40943909e+02,
    6.03786743e+02, 7.06190430e+02, 5.85537354e+02, 6.70608032e+02,
    5.66766663e+02, 6.34343201e+02, 5.47541626e+02, 5.97331604e+02,
    5.27848511e+02, 5.59268860e+02, 5.07686859e+02, 5.20416321e+02,
    6.77194702e+02, 7.57744568e+02, 6.60376099e+02, 7.23581909e+02,
    6.42858826e+02, 6.88951050e+02, 6.25366943e+02, 6.53437439e+02,
    6.07143127e+02, 6.17346497e+02, 5.88452209e+02, 5.80135315e+02,
    5.69273376e+02, 5.42310791e+02, 5.49631958e+02, 5.03404266e+02,
    7.14847229e+02, 7.40662659e+02, 6.98475769e+02, 7.06606262e+02,
    6.81750488e+02, 6.72233459e+02, 6.64473328e+02, 6.36772400e+02,
    6.46830994e+02, 6.00378784e+02, 6.28914429e+02, 5.63457642e+02,
    6.10412781e+02, 5.25534485e+02, 5.91441223e+02, 4.86483673e+02,
    7.52354248e+02, 7.23655762e+02, 7.36467041e+02, 6.89749390e+02,
    7.20254333e+02, 6.55335388e+02, 7.03617859e+02, 6.20113342e+02,
    6.86470459e+02, 5.83712158e+02, 6.68908813e+02, 5.46722900e+02,
    6.51085327e+02, 5.08707275e+02, 6.32657959e+02, 4.69758179e+02,
    7.89254211e+02, 7.06977905e+02, 7.73687073e+02, 6.73225830e+02,
    7.57939941e+02, 6.38656738e+02, 7.41792297e+02, 6.03473816e+02,
    7.25397461e+02, 5.67282288e+02, 7.08498352e+02, 5.30219055e+02,
    6.90991089e+02, 4.92311371e+02, 6.73315674e+02, 4.53448151e+02,
    8.25556152e+02, 6.90394836e+02, 8.10495300e+02, 6.56678528e+02,
    7.95303711e+02, 6.22193237e+02, 7.79666321e+02, 5.86989319e+02,
    7.63537170e+02, 5.50811707e+02, 7.47260742e+02, 5.13852173e+02,
    7.30497253e+02, 4.75985168e+02, 7.13199219e+02, 4.37201416e+02,
    8.61867737e+02, 6.73756775e+02, 8.47372253e+02, 6.40199768e+02,
    8.32480957e+02, 6.05617310e+02, 8.17384521e+02, 5.70456665e+02,
    8.01839844e+02, 5.34409180e+02, 7.85885010e+02, 4.97509094e+02,
    7.69600098e+02, 4.59633392e+02, 7.53048523e+02, 4.21018829e+02 ]
