%YAML:1.0
---
points: [ 4.59179474e+02, 8.22764587e+02, 4.46400360e+02, 7.84899597e+02,
    4.33479858e+02, 7.46291443e+02, 4.20411774e+02, 7.07422302e+02,
    4.06692841e+02, 6.67522034e+02, 3.92714569e+02, 6.27383179e+02,
    3.78538818e+02, 5.86350586e+02, 3.63960388e+02, 5.44534424e+02,
    5.02240387e+02, 8.10098022e+02, 4.90121124e+02, 7.72305542e+02,
    4.77599121e+02, 7.34213379e+02, 4.64902588e+02, 6.95341858e+02,
    4.51654449e+02, 6.55654785e+02, 4.38338348e+02, 6.15704407e+02,
    4.24531006e+02, 5.75168152e+02, 4.10512634e+02, 5.33510376e+02,
    5.44788635e+02, 7.97467346e+02, 5.33152649e+02, 7.60133057e+02,
    5.21060730e+02, 7.22094788e+02, 5.08642487e+02, 6.83594849e+02,
    4.96021423e+02, 6.44442322e+02, 4.82943451e+02, 6.04486633e+02,
    4.69749664e+02, 5.64094177e+02, 4.56201904e+02, 5.22735168e+02,
    5.86713989e+02, 7.85329651e+02, 5.75378235e+02, 7.47979553e+02,
    5.63663513e+02, 7.10304810e+02, 5.51716431e+02, 6.71934814e+02,
    5.39645752e+02, 6.33214111e+02, 5.27130737e+02, 5.93405762e+02,
    5.14388062e+02, 5.53355347e+02, 5.01248779e+02, 5.12198120e+02,
    6.28030701e+02, 7.72847839e+02, 6.16896057e+02, 7.36100037e+02,
    6.05814575e+02, 6.98571899e+02, 5.94378906e+02, 6.60636475e+02,
    5.82587097e+02, 6.22097656e+02, 5.70472595e+02, 5.82560791e+02,
    5.58457458e+02, 5.42512756e+02, 5.45734741e+02, 5.01742767e+02,
    6.68396851e+02, 7.61108154e+02, 6.57916260e+02, 7.24392700e+02,
    6.47020935e+02, 6.87345459e+02, 6.36143188e+02, 6.49538574e+02,
    6.24709961e+02, 6.11187012e+02, 6.13189209e+02, 5.71890137e+02,
    6.01425964e+02, 5.32161621e+02, 5.89419434e+02, 4.91415924e+02,
    7.08331543e+02, 7.49493896e+02, 6.98075500e+02, 7.13260437e+02,
    6.87549622e+02, 6.76302002e+02, 6.77163147e+02, 6.38792297e+02,
    6.66248413e+02, 6.00481201e+02, 6.55246582e+02, 5.61474426e+02,
    6.44019775e+02, 5.21795044e+02, 6.32537170e+02, 4.81345886e+02,
    7.47684265e+02, 7.38200012e+02, 7.37895569e+02, 7.01959351e+02,
    7.27935425e+02, 6.65421204e+02, 7.17701965e+02, 6.28130371e+02,
    7.07474854e+02, 5.89836609e+02, 6.96686951e+02, 5.51100220e+02,
    6.85937073e+02, 5.11685455e+02, 6.75063904e+02, 4.71348877e+02,
    7.86288635e+02, 7.26767212e+02, 7.76855408e+02, 6.91088440e+02,
    7.67370605e+02, 6.54490234e+02, 7.57637146e+02, 6.17496521e+02,
    7.47679565e+02, 5.79421814e+02, 7.37496155e+02, 5.40693481e+02,
    7.27307251e+02, 5.01576660e+02, 7.16565674e+02, 4.61447021e+02,
    8.24228943e+02, 7.15640808e+02, 8.15341919e+02, 6.79973877e+02,
    8.06151672e+02, 6.43705872e+02, 7.96732483e+02, 6.06792114e+02,
    7.87248108e+02, 5.69219604e+02, 7.77427429e+02, 5.30642639e+02,
    7.67589783e+02, 4.91653992e+02, 7.57456848e+02, 4.51721802e+02,
    8.62123718e+02, 7.04577942e+02, 8.53534180e+02, 6.69120422e+02,
    8.44599121e+02, 6.33038269e+02, 8.35705872e+02, 5.96367493e+02,
    8.26659790e+02, 5.58700317e+02, 8.17270996e+02, 5.20549316e+02,
    8.07606445e+02, 4.81695221e+02, 7.98030640e+02, 4.42206238e+02 ]
