%YAML:1.0
---
points: [ 4.42478638e+02, 8.03272644e+02, 4.35341248e+02, 7.63717712e+02,
    4.28237274e+02, 7.23612976e+02, 4.21093140e+02, 6.83099487e+02,
    4.13424866e+02, 6.41887512e+02, 4.05757385e+02, 6.00231201e+02,
    3.97645691e+02, 5.57828979e+02, 3.89589844e+02, 5.14540527e+02,
    4.87184082e+02, 7.96137390e+02, 4.80543335e+02, 7.56617615e+02,
    4.73819092e+02, 7.17189148e+02, 4.66865051e+02, 6.76722107e+02,
    4.59741821e+02, 6.35857971e+02, 4.52541962e+02, 5.94540405e+02,
    4.44794983e+02, 5.52472046e+02, 4.37334015e+02, 5.09564453e+02,
    5.31363037e+02, 7.88476440e+02, 5.24812439e+02, 7.49874817e+02,
    5.18493591e+02, 7.10484741e+02, 5.12130676e+02, 6.70643433e+02,
    5.05384186e+02, 6.30060059e+02, 4.98340790e+02, 5.89047913e+02,
    4.91332123e+02, 5.47392212e+02, 4.83990143e+02, 5.04756317e+02,
    5.74495056e+02, 7.81729797e+02, 5.68624207e+02, 7.43221802e+02,
    5.62463928e+02, 7.03902832e+02, 5.56316345e+02, 6.64692261e+02,
    5.49849792e+02, 6.24355225e+02, 5.43511353e+02, 5.83640747e+02,
    5.36850586e+02, 5.42368042e+02, 5.29836060e+02, 5.00246246e+02,
    6.17212952e+02, 7.74760071e+02, 6.11604797e+02, 7.36532715e+02,
    6.05981812e+02, 6.97674316e+02, 6.00161621e+02, 6.58710388e+02,
    5.94155884e+02, 6.18752930e+02, 5.87814453e+02, 5.78427551e+02,
    5.81607910e+02, 5.37467773e+02, 5.75340393e+02, 4.95635712e+02,
    6.58916931e+02, 7.67914124e+02, 6.53671570e+02, 7.29979370e+02,
    6.48396912e+02, 6.91731750e+02, 6.42864929e+02, 6.52874146e+02,
    6.37322205e+02, 6.13337708e+02, 6.31557861e+02, 5.73180481e+02,
    6.25641418e+02, 5.32529785e+02, 6.19584534e+02, 4.91073608e+02,
    7.00045227e+02, 7.61392944e+02, 6.94985718e+02, 7.23853943e+02,
    6.90099548e+02, 6.85931274e+02, 6.84977844e+02, 6.47339294e+02,
    6.79811523e+02, 6.08012268e+02, 6.74424866e+02, 5.68212891e+02,
    6.69050781e+02, 5.27751831e+02, 6.63552795e+02, 4.86452332e+02,
    7.40384521e+02, 7.54965393e+02, 7.35832642e+02, 7.17832275e+02,
    7.31340454e+02, 6.80237671e+02, 7.26604248e+02, 6.41736816e+02,
    7.21771667e+02, 6.02711426e+02, 7.16786621e+02, 5.63204651e+02,
    7.11709473e+02, 5.23079529e+02, 7.06670837e+02, 4.82041779e+02,
    7.80357666e+02, 7.48643311e+02, 7.75915955e+02, 7.11826660e+02,
    7.71574524e+02, 6.74458862e+02, 7.67243042e+02, 6.36308472e+02,
    7.62790161e+02, 5.97580505e+02, 7.58324219e+02, 5.58333862e+02,
    7.53592102e+02, 5.18340576e+02, 7.48798767e+02, 4.77573029e+02,
    8.19242615e+02, 7.42338806e+02, 8.15397644e+02, 7.05633057e+02,
    8.11463989e+02, 6.68549683e+02, 8.07297180e+02, 6.30696655e+02,
    8.03123169e+02, 5.92369446e+02, 7.98875793e+02, 5.53380249e+02,
    7.94690674e+02, 5.13563293e+02, 7.90259277e+02, 4.73331024e+02,
    8.58286133e+02, 7.36113953e+02, 8.54467773e+02, 6.99626343e+02,
    8.50743408e+02, 6.62698669e+02, 8.47153015e+02, 6.25170776e+02,
    8.43397644e+02, 5.87101990e+02, 8.39339783e+02, 5.48511292e+02,
    8.35406372e+02, 5.08860107e+02, 8.31523499e+02, 4.69069672e+02 ]
