%YAML:1.0
---
points: [ 4.23599915e+02, 7.51360535e+02, 4.24947937e+02, 7.10693176e+02,
    4.26305603e+02, 6.69612549e+02, 4.27536469e+02, 6.28117676e+02,
    4.28573059e+02, 5.86110046e+02, 4.29570251e+02, 5.43707703e+02,
    4.30517548e+02, 5.00649750e+02, 4.31572052e+02, 4.56940186e+02,
    4.69507904e+02, 7.51933350e+02, 4.70807739e+02, 7.11751038e+02,
    4.72345123e+02, 6.70847351e+02, 4.73980988e+02, 6.29783875e+02,
    4.75340515e+02, 5.88198120e+02, 4.76602905e+02, 5.46220337e+02,
    4.77846924e+02, 5.03594147e+02, 4.79092621e+02, 4.60551727e+02,
    5.14275940e+02, 7.52506836e+02, 5.16123413e+02, 7.12566833e+02,
    5.17817749e+02, 6.72154846e+02, 5.19377991e+02, 6.31624451e+02,
    5.21067932e+02, 5.90566589e+02, 5.22611267e+02, 5.49101562e+02,
    5.24053101e+02, 5.06879944e+02, 5.25482849e+02, 4.64110962e+02,
    5.58338379e+02, 7.52972412e+02, 5.60274048e+02, 7.13469360e+02,
    5.62201111e+02, 6.73679443e+02, 5.64242554e+02, 6.33394348e+02,
    5.65953735e+02, 5.92694397e+02, 5.67804016e+02, 5.51422485e+02,
    5.69532043e+02, 5.09842041e+02, 5.71247009e+02, 4.67433716e+02,
    6.01649841e+02, 7.53562073e+02, 6.03711548e+02, 7.14340393e+02,
    6.05920898e+02, 6.75015869e+02, 6.07957947e+02, 6.35163757e+02,
    6.10197693e+02, 5.94871033e+02, 6.12186279e+02, 5.54270630e+02,
    6.14189697e+02, 5.12926819e+02, 6.16221375e+02, 4.71067047e+02,
    6.43910034e+02, 7.54074585e+02, 6.46298645e+02, 7.15377258e+02,
    6.48668274e+02, 6.76320862e+02, 6.50805969e+02, 6.36997925e+02,
    6.53209290e+02, 5.97139221e+02, 6.55476868e+02, 5.56580383e+02,
    6.57934448e+02, 5.15790222e+02, 6.60095642e+02, 4.74466339e+02,
    6.85472290e+02, 7.54601624e+02, 6.87921326e+02, 7.16483643e+02,
    6.90523071e+02, 6.77803467e+02, 6.92948792e+02, 6.38879700e+02,
    6.95638794e+02, 5.99099609e+02, 6.98028870e+02, 5.59316833e+02,
    7.00774048e+02, 5.18793335e+02, 7.03307495e+02, 4.77621124e+02,
    7.26571960e+02, 7.55319031e+02, 7.29155945e+02, 7.17550659e+02,
    7.32044739e+02, 6.79291077e+02, 7.34616455e+02, 6.40683044e+02,
    7.37584778e+02, 6.01530518e+02, 7.40288940e+02, 5.61689148e+02,
    7.43185059e+02, 5.21631470e+02, 7.45875977e+02, 4.80900665e+02,
    7.66443359e+02, 7.55792480e+02, 7.69538452e+02, 7.18505066e+02,
    7.72450134e+02, 6.80731812e+02, 7.75446106e+02, 6.42407227e+02,
    7.78474121e+02, 6.03372559e+02, 7.81482300e+02, 5.64249268e+02,
    7.84556763e+02, 5.24358948e+02, 7.87373108e+02, 4.83910004e+02,
    8.05843201e+02, 7.56369751e+02, 8.08948608e+02, 7.19249084e+02,
    8.12230042e+02, 6.81832642e+02, 8.15479187e+02, 6.44027161e+02,
    8.18515564e+02, 6.05358643e+02, 8.21861511e+02, 5.66424805e+02,
    8.25154846e+02, 5.27099976e+02, 8.28422729e+02, 4.87046814e+02,
    8.45069031e+02, 7.56965637e+02, 8.48460022e+02, 7.20140564e+02,
    8.51657227e+02, 6.82985474e+02, 8.54912964e+02, 6.45396790e+02,
    8.58516357e+02, 6.07314087e+02, 8.61724365e+02, 5.68686829e+02,
    8.65374939e+02, 5.29591309e+02, 8.68842468e+02, 4.90183960e+02 ]
