%YAML:1.0
---
points: [ 4.21313782e+02, 6.89717957e+02, 4.31527679e+02, 6.50616516e+02,
    4.41772003e+02, 6.11640930e+02, 4.52181030e+02, 5.72142334e+02,
    4.62485596e+02, 5.32343018e+02, 4.72619110e+02, 4.92131683e+02,
    4.83106506e+02, 4.51506927e+02, 4.93403442e+02, 4.10563202e+02,
    4.64720764e+02, 6.99324524e+02, 4.75046448e+02, 6.60718567e+02,
    4.85509979e+02, 6.22020264e+02, 4.95833374e+02, 5.82822083e+02,
    5.06348358e+02, 5.43599304e+02, 5.16748657e+02, 5.03754028e+02,
    5.27222412e+02, 4.63811798e+02, 5.37595947e+02, 4.23306946e+02,
    5.07358917e+02, 7.08700256e+02, 5.17685364e+02, 6.70633484e+02,
    5.28223328e+02, 6.32355530e+02, 5.38747314e+02, 5.93591064e+02,
    5.49207825e+02, 5.54653259e+02, 5.59648621e+02, 5.15470459e+02,
    5.70185608e+02, 4.75774170e+02, 5.80855530e+02, 4.35601379e+02,
    5.49077209e+02, 7.18208069e+02, 5.59573730e+02, 6.80399780e+02,
    5.70209351e+02, 6.42451904e+02, 5.80726624e+02, 6.04058838e+02,
    5.91347778e+02, 5.65649963e+02, 6.01881348e+02, 5.26744568e+02,
    6.12629395e+02, 4.87549194e+02, 6.23313354e+02, 4.47691833e+02,
    5.90397400e+02, 7.27401550e+02, 6.01004272e+02, 6.89996460e+02,
    6.11535156e+02, 6.52408508e+02, 6.22191772e+02, 6.14596558e+02,
    6.32811462e+02, 5.76423889e+02, 6.43418152e+02, 5.38084595e+02,
    6.54258362e+02, 4.99118835e+02, 6.65105835e+02, 4.59879486e+02,
    6.30676147e+02, 7.36317505e+02, 6.41302734e+02, 6.99408569e+02,
    6.51933167e+02, 6.62285583e+02, 6.62620850e+02, 6.24632996e+02,
    6.73397644e+02, 5.87077698e+02, 6.84076965e+02, 5.49054016e+02,
    6.95033875e+02, 5.10486267e+02, 7.05980957e+02, 4.71530731e+02,
    6.70334106e+02, 7.45235107e+02, 6.80953125e+02, 7.08723267e+02,
    6.91586548e+02, 6.71968445e+02, 7.02330566e+02, 6.34984131e+02,
    7.13204468e+02, 5.97531738e+02, 7.24056091e+02, 5.59747986e+02,
    7.35153870e+02, 5.21667603e+02, 7.46363892e+02, 4.83094910e+02,
    7.09403992e+02, 7.54311279e+02, 7.20153870e+02, 7.18117798e+02,
    7.30972168e+02, 6.81710999e+02, 7.41706543e+02, 6.45231628e+02,
    7.52720886e+02, 6.07931091e+02, 7.63695984e+02, 5.70612305e+02,
    7.74873230e+02, 5.32778564e+02, 7.86132690e+02, 4.94550781e+02,
    7.47832825e+02, 7.62840820e+02, 7.58495544e+02, 7.27344421e+02,
    7.69355042e+02, 6.91379333e+02, 7.80372314e+02, 6.54895081e+02,
    7.91365601e+02, 6.18191101e+02, 8.02489624e+02, 5.81015869e+02,
    8.13655518e+02, 5.43592529e+02, 8.24996826e+02, 5.05673737e+02,
    7.85501526e+02, 7.71408875e+02, 7.96370056e+02, 7.36031189e+02,
    8.07144165e+02, 7.00465271e+02, 8.18235107e+02, 6.64488281e+02,
    8.29352905e+02, 6.27940369e+02, 8.40487732e+02, 5.91363342e+02,
    8.51786499e+02, 5.54156860e+02, 8.63269165e+02, 5.16696533e+02,
    8.22944275e+02, 7.80076599e+02, 8.33843506e+02, 7.44752563e+02,
    8.44881714e+02, 7.09438965e+02, 8.55822815e+02, 6.73740356e+02,
    8.67161682e+02, 6.37715698e+02, 8.78369202e+02, 6.01358459e+02,
    8.89765564e+02, 5.64655579e+02, 9.01320679e+02, 5.27546814e+02 ]
