%YAML:1.0
---
points: [ 4.16096558e+02, 6.45559265e+02, 4.32608643e+02, 6.08567810e+02,
    4.49268829e+02, 5.71437622e+02, 4.65948944e+02, 5.34059814e+02,
    4.82637573e+02, 4.96367798e+02, 4.99316254e+02, 4.58438660e+02,
    5.15958801e+02, 4.20279663e+02, 5.32837280e+02, 3.81625671e+02,
    4.57361023e+02, 6.61629883e+02, 4.73799530e+02, 6.24987488e+02,
    4.90525574e+02, 5.88333191e+02, 5.07195770e+02, 5.51398926e+02,
    5.23805786e+02, 5.14187195e+02, 5.40597168e+02, 4.76646881e+02,
    5.57398499e+02, 4.38758636e+02, 5.74142578e+02, 4.00633453e+02,
    4.97796509e+02, 6.77446838e+02, 5.14427124e+02, 6.41368408e+02,
    5.30937378e+02, 6.04769836e+02, 5.47469849e+02, 5.68367798e+02,
    5.64254761e+02, 5.31504395e+02, 5.80945435e+02, 4.94469116e+02,
    5.97766541e+02, 4.56976257e+02, 6.14695679e+02, 4.19277008e+02,
    5.37514404e+02, 6.93111145e+02, 5.54158081e+02, 6.57218506e+02,
    5.70684204e+02, 6.21142761e+02, 5.87370239e+02, 5.85046204e+02,
    6.03897766e+02, 5.48520630e+02, 6.20607361e+02, 5.11829376e+02,
    6.37450012e+02, 4.74797089e+02, 6.54408142e+02, 4.37463898e+02,
    5.76905090e+02, 7.08450989e+02, 5.93335083e+02, 6.72913635e+02,
    6.09809692e+02, 6.37316833e+02, 6.26369934e+02, 6.01498596e+02,
    6.42898865e+02, 5.65397217e+02, 6.59661377e+02, 5.29209473e+02,
    6.76605042e+02, 4.92572235e+02, 6.93559631e+02, 4.55569977e+02,
    6.15256714e+02, 7.23527161e+02, 6.31574097e+02, 6.88437805e+02,
    6.48092102e+02, 6.53226196e+02, 6.64585449e+02, 6.17710083e+02,
    6.81319214e+02, 5.82094177e+02, 6.98078430e+02, 5.46125549e+02,
    7.14909912e+02, 5.09748077e+02, 7.31867432e+02, 4.73166718e+02,
    6.52792542e+02, 7.38438721e+02, 6.69290710e+02, 7.03778625e+02,
    6.85746887e+02, 6.68835144e+02, 7.02302979e+02, 6.33877563e+02,
    7.18967163e+02, 5.98514221e+02, 7.35704651e+02, 5.62822205e+02,
    7.52673950e+02, 5.26781982e+02, 7.69729065e+02, 4.90510040e+02,
    6.90185364e+02, 7.53309570e+02, 7.06538635e+02, 7.19007080e+02,
    7.23124695e+02, 6.84574524e+02, 7.39645508e+02, 6.49858154e+02,
    7.56393494e+02, 6.14748901e+02, 7.73175964e+02, 5.79425964e+02,
    7.90132324e+02, 5.43754028e+02, 8.07245483e+02, 5.07768829e+02,
    7.26706909e+02, 7.67814392e+02, 7.43084229e+02, 7.33976196e+02,
    7.59559570e+02, 6.99776794e+02, 7.76383484e+02, 6.65460693e+02,
    7.92968201e+02, 6.30639648e+02, 8.09718506e+02, 5.95534912e+02,
    8.26716858e+02, 5.60303345e+02, 8.43815857e+02, 5.24656982e+02,
    7.62701843e+02, 7.82170593e+02, 7.79240723e+02, 7.48466492e+02,
    7.95598389e+02, 7.14720886e+02, 8.12258789e+02, 6.80643494e+02,
    8.29014038e+02, 6.46256042e+02, 8.45820068e+02, 6.11477417e+02,
    8.62797852e+02, 5.76474731e+02, 8.79881836e+02, 5.41291931e+02,
    7.98752441e+02, 7.96341248e+02, 8.15055176e+02, 7.63064941e+02,
    8.31473938e+02, 7.29508301e+02, 8.48146484e+02, 6.95626526e+02,
    8.64850403e+02, 6.61592957e+02, 8.81684265e+02, 6.27070984e+02,
    8.98732971e+02, 5.92551941e+02, 9.15759460e+02, 5.57625732e+02 ]
