%YAML:1.0
---
points: [ 4.39515564e+02, 8.05060425e+02, 4.49802216e+02, 7.66226929e+02,
    4.60369354e+02, 7.27177368e+02, 4.70870300e+02, 6.87878296e+02,
    4.81448761e+02, 6.48491211e+02, 4.91944366e+02, 6.08766785e+02,
    5.02421814e+02, 5.69051086e+02, 5.13025452e+02, 5.28727051e+02,
    4.82591461e+02, 8.13318726e+02, 4.93184082e+02, 7.74784485e+02,
    5.03631622e+02, 7.36221985e+02, 5.14342468e+02, 6.97374878e+02,
    5.24780518e+02, 6.58331360e+02, 5.35436462e+02, 6.19178467e+02,
    5.46075195e+02, 5.79687073e+02, 5.56701599e+02, 5.39841980e+02,
    5.25025085e+02, 8.21532227e+02, 5.35571472e+02, 7.83286499e+02,
    5.46285767e+02, 7.44956787e+02, 5.56687805e+02, 7.06755310e+02,
    5.67401306e+02, 6.68041687e+02, 5.77998230e+02, 6.29217896e+02,
    5.88622498e+02, 5.90358215e+02, 5.99441528e+02, 5.50843262e+02,
    5.66573364e+02, 8.29428650e+02, 5.77257080e+02, 7.91699951e+02,
    5.87746399e+02, 7.53914673e+02, 5.98442261e+02, 7.15853516e+02,
    6.09224243e+02, 6.77591248e+02, 6.19731506e+02, 6.39288025e+02,
    6.30459229e+02, 6.00578613e+02, 6.41341309e+02, 5.61576416e+02,
    6.07629150e+02, 8.37425110e+02, 6.18195435e+02, 8.00024963e+02,
    6.28819702e+02, 7.62486511e+02, 6.39435547e+02, 7.24846558e+02,
    6.50199524e+02, 6.87126587e+02, 6.60708923e+02, 6.49165283e+02,
    6.71566956e+02, 6.10780090e+02, 6.82457825e+02, 5.72239014e+02,
    6.47747498e+02, 8.45069214e+02, 6.58422974e+02, 8.08245605e+02,
    6.68953186e+02, 7.71180115e+02, 6.79595154e+02, 7.33854919e+02,
    6.90305664e+02, 6.96477539e+02, 7.01081055e+02, 6.58801270e+02,
    7.11844116e+02, 6.20768127e+02, 7.22709778e+02, 5.82472046e+02,
    6.86966919e+02, 8.52769897e+02, 6.97553711e+02, 8.16360840e+02,
    7.08280029e+02, 7.79771118e+02, 7.18837402e+02, 7.42790405e+02,
    7.29687317e+02, 7.05719177e+02, 7.40527954e+02, 6.68430359e+02,
    7.51515930e+02, 6.30627991e+02, 7.62538696e+02, 5.92749207e+02,
    7.26008545e+02, 8.60597534e+02, 7.36653809e+02, 8.24397949e+02,
    7.47383545e+02, 7.88262146e+02, 7.58133667e+02, 7.51671692e+02,
    7.68950989e+02, 7.14829041e+02, 7.79807922e+02, 6.77799622e+02,
    7.90737793e+02, 6.40562378e+02, 8.01693726e+02, 6.02836243e+02,
    7.64107910e+02, 8.68130127e+02, 7.74704956e+02, 8.32469482e+02,
    7.85451843e+02, 7.96518555e+02, 7.96290466e+02, 7.60388428e+02,
    8.07140076e+02, 7.23711731e+02, 8.18043640e+02, 6.87161987e+02,
    8.29005737e+02, 6.50057007e+02, 8.39903198e+02, 6.12753052e+02,
    8.01535889e+02, 8.75506653e+02, 8.12252502e+02, 8.39913025e+02,
    8.22950989e+02, 8.04411804e+02, 8.33683350e+02, 7.68592468e+02,
    8.44586670e+02, 7.32482727e+02, 8.55492493e+02, 6.96162292e+02,
    8.66551086e+02, 6.59521912e+02, 8.77610474e+02, 6.22517456e+02,
    8.38785217e+02, 8.82763489e+02, 8.49489807e+02, 8.47711426e+02,
    8.60226929e+02, 8.12489319e+02, 8.71063599e+02, 7.76783020e+02,
    8.81936462e+02, 7.40938904e+02, 8.92811829e+02, 7.04910095e+02,
    9.03939331e+02, 6.68646545e+02, 9.15166382e+02, 6.32141846e+02 ]
