%YAML:1.0
---
points: [ 4.53793945e+02, 8.89428162e+02, 4.62415680e+02, 8.50895996e+02,
    4.71088470e+02, 8.12373169e+02, 4.79977997e+02, 7.73312500e+02,
    4.88707855e+02, 7.34006714e+02, 4.97456146e+02, 6.94499756e+02,
    5.06453003e+02, 6.54694824e+02, 5.15371399e+02, 6.14430176e+02,
    4.97198273e+02, 8.95195862e+02, 5.06180695e+02, 8.56932739e+02,
    5.14833557e+02, 8.18592346e+02, 5.23657166e+02, 7.80275879e+02,
    5.32928467e+02, 7.41411377e+02, 5.41621399e+02, 7.02367432e+02,
    5.50601196e+02, 6.62811340e+02, 5.59705750e+02, 6.23239075e+02,
    5.39807129e+02, 9.00597534e+02, 5.48845825e+02, 8.62910522e+02,
    5.57803223e+02, 8.24874390e+02, 5.66585632e+02, 7.86938416e+02,
    5.75616272e+02, 7.48572388e+02, 5.84868164e+02, 7.09887939e+02,
    5.93897461e+02, 6.70949890e+02, 6.03119507e+02, 6.31624329e+02,
    5.81599915e+02, 9.06146973e+02, 5.90613037e+02, 8.68783569e+02,
    5.99678528e+02, 8.31355042e+02, 6.08729065e+02, 7.93454407e+02,
    6.17787476e+02, 7.55521057e+02, 6.27066833e+02, 7.17551392e+02,
    6.36344788e+02, 6.78991943e+02, 6.45540771e+02, 6.40028381e+02,
    6.22787048e+02, 9.11459229e+02, 6.31919678e+02, 8.74617981e+02,
    6.40813416e+02, 8.37502563e+02, 6.50089722e+02, 8.00240234e+02,
    6.59523560e+02, 7.62590515e+02, 6.68609863e+02, 7.24911743e+02,
    6.77873596e+02, 6.86747009e+02, 6.87228821e+02, 6.48335815e+02,
    6.63028625e+02, 9.16796875e+02, 6.72039795e+02, 8.80370667e+02,
    6.81254761e+02, 8.43655823e+02, 6.90548035e+02, 8.06856873e+02,
    6.99756714e+02, 7.69697144e+02, 7.09202515e+02, 7.32340515e+02,
    7.18469360e+02, 6.94473877e+02, 7.28161194e+02, 6.56237976e+02,
    7.02415283e+02, 9.22142273e+02, 7.11540527e+02, 8.86124756e+02,
    7.20855591e+02, 8.49877197e+02, 7.30108948e+02, 8.13458130e+02,
    7.39473083e+02, 7.76558350e+02, 7.49004272e+02, 7.39574524e+02,
    7.58549316e+02, 7.02215393e+02, 7.68320984e+02, 6.64444702e+02,
    7.41335266e+02, 9.27501587e+02, 7.50495728e+02, 8.91753784e+02,
    7.59826538e+02, 8.55938538e+02, 7.69409790e+02, 8.19957092e+02,
    7.79003357e+02, 7.83597473e+02, 7.88489685e+02, 7.46669128e+02,
    7.98077515e+02, 7.09567566e+02, 8.07717712e+02, 6.71972717e+02,
    7.79437500e+02, 9.32751892e+02, 7.88724487e+02, 8.97428345e+02,
    7.98226074e+02, 8.62001587e+02, 8.07532227e+02, 8.26434204e+02,
    8.17290344e+02, 7.90353821e+02, 8.26982239e+02, 7.53907410e+02,
    8.36589417e+02, 7.17139343e+02, 8.46406189e+02, 6.79812073e+02,
    8.16792358e+02, 9.37668335e+02, 8.26255737e+02, 9.02791931e+02,
    8.35687927e+02, 8.67656738e+02, 8.45290344e+02, 8.32466431e+02,
    8.54731018e+02, 7.96585815e+02, 8.64612976e+02, 7.60554504e+02,
    8.74551147e+02, 7.24137512e+02, 8.84343079e+02, 6.87359924e+02,
    8.53877441e+02, 9.42719116e+02, 8.63424683e+02, 9.08197693e+02,
    8.72947937e+02, 8.73404297e+02, 8.82492615e+02, 8.38377380e+02,
    8.92361877e+02, 8.02751282e+02, 9.02008667e+02, 7.67044373e+02,
    9.11851562e+02, 7.31179016e+02, 9.21927673e+02, 6.94748901e+02 ]
