%YAML:1.0
---
points: [ 6.78964844e+02, 7.96708008e+02, 6.89554382e+02, 7.58776367e+02,
    7.00313110e+02, 7.20791504e+02, 7.10890686e+02, 6.82925232e+02,
    7.21619202e+02, 6.45097168e+02, 7.32373047e+02, 6.07292969e+02,
    7.43108582e+02, 5.69286438e+02, 7.54065918e+02, 5.30858582e+02,
    7.17696350e+02, 8.02514282e+02, 7.28292053e+02, 7.65354065e+02,
    7.38653320e+02, 7.27933594e+02, 7.49340515e+02, 6.90628784e+02,
    7.59816284e+02, 6.53163696e+02, 7.70599609e+02, 6.15721741e+02,
    7.81382507e+02, 5.78299866e+02, 7.92227051e+02, 5.40578430e+02,
    7.55542542e+02, 8.08359253e+02, 7.65808533e+02, 7.71417603e+02,
    7.76381836e+02, 7.34593384e+02, 7.86681824e+02, 6.97818726e+02,
    7.97288879e+02, 6.61018188e+02, 8.07742920e+02, 6.24132446e+02,
    8.18434753e+02, 5.87261169e+02, 8.29244934e+02, 5.50153870e+02,
    7.92182007e+02, 8.13989441e+02, 8.02518433e+02, 7.77540955e+02,
    8.12702271e+02, 7.41449646e+02, 8.23181152e+02, 7.05300537e+02,
    8.33557861e+02, 6.68826111e+02, 8.44131958e+02, 6.32514893e+02,
    8.54585205e+02, 5.96100159e+02, 8.65309387e+02, 5.59436646e+02,
    8.28160339e+02, 8.19479797e+02, 8.38349182e+02, 7.83758240e+02,
    8.48474182e+02, 7.48212585e+02, 8.58768555e+02, 7.12442322e+02,
    8.69198303e+02, 6.76459473e+02, 8.79610352e+02, 6.40582764e+02,
    8.90187378e+02, 6.04507019e+02, 9.00642029e+02, 5.68423767e+02,
    8.62870850e+02, 8.25135132e+02, 8.73049988e+02, 7.89819763e+02,
    8.83229309e+02, 7.54664551e+02, 8.93448059e+02, 7.19292908e+02,
    9.03612427e+02, 6.83906982e+02, 9.14085449e+02, 6.48533630e+02,
    9.24494934e+02, 6.12841858e+02, 9.34864075e+02, 5.76983337e+02,
    8.96850891e+02, 8.30483826e+02, 9.06959290e+02, 7.95901123e+02,
    9.17270996e+02, 7.61122131e+02, 9.27360046e+02, 7.26402710e+02,
    9.37547241e+02, 6.91459656e+02, 9.47971130e+02, 6.56314819e+02,
    9.58304749e+02, 6.21141724e+02, 9.68553650e+02, 5.85784119e+02,
    9.30341370e+02, 8.35986267e+02, 9.40433716e+02, 8.01770630e+02,
    9.50525085e+02, 7.67459412e+02, 9.60626099e+02, 7.33235291e+02,
    9.71024292e+02, 6.98522461e+02, 9.81098877e+02, 6.64014099e+02,
    9.91355713e+02, 6.29141602e+02, 1.00144769e+03, 5.94212952e+02,
    9.62790833e+02, 8.41264648e+02, 9.72916748e+02, 8.07518066e+02,
    9.82997620e+02, 7.73663818e+02, 9.93231079e+02, 7.39684387e+02,
    1.00319940e+03, 7.05572144e+02, 1.01335345e+03, 6.71318115e+02,
    1.02342645e+03, 6.36879150e+02, 1.03349768e+03, 6.02394043e+02,
    9.94581360e+02, 8.46350647e+02, 1.00452234e+03, 8.13021240e+02,
    1.01452319e+03, 7.79580505e+02, 1.02463013e+03, 7.45932800e+02,
    1.03453015e+03, 7.12389587e+02, 1.04463660e+03, 6.78389343e+02,
    1.05466626e+03, 6.44563843e+02, 1.06465112e+03, 6.10378174e+02,
    1.02588232e+03, 8.51367432e+02, 1.03569275e+03, 8.18394958e+02,
    1.04554822e+03, 7.85552490e+02, 1.05546448e+03, 7.52291504e+02,
    1.06554761e+03, 7.18804993e+02, 1.07539807e+03, 6.85507385e+02,
    1.08549329e+03, 6.51814453e+02, 1.09550049e+03, 6.18299072e+02 ]
