%YAML:1.0
---
points: [ 2.31358536e+02, 9.26321777e+02, 2.15533951e+02, 8.90225891e+02,
    1.99398758e+02, 8.53519958e+02, 1.83087036e+02, 8.16414673e+02,
    1.66294754e+02, 7.78813843e+02, 1.48955231e+02, 7.40756042e+02,
    1.31495956e+02, 7.02286804e+02, 1.13648621e+02, 6.63102661e+02,
    2.72061035e+02, 9.13270813e+02, 2.56475555e+02, 8.77202881e+02,
    2.40707108e+02, 8.40541626e+02, 2.24524002e+02, 8.03611816e+02,
    2.08062347e+02, 7.66083984e+02, 1.91219360e+02, 7.28108215e+02,
    1.73893097e+02, 6.89509216e+02, 1.56530060e+02, 6.50341187e+02,
    3.12701538e+02, 9.00435120e+02, 2.97365631e+02, 8.64284607e+02,
    2.81745789e+02, 8.27798096e+02, 2.65915070e+02, 7.90775391e+02,
    2.49700623e+02, 7.53419556e+02, 2.33010147e+02, 7.15425354e+02,
    2.16162537e+02, 6.76750793e+02, 1.99164581e+02, 6.37687317e+02,
    3.52986420e+02, 8.87440063e+02, 3.37997528e+02, 8.51447815e+02,
    3.22695984e+02, 8.14962341e+02, 3.07207581e+02, 7.78167419e+02,
    2.91226227e+02, 7.40643738e+02, 2.75036346e+02, 7.02734619e+02,
    2.58390869e+02, 6.64411255e+02, 2.41582764e+02, 6.25119629e+02,
    3.93478668e+02, 8.74384033e+02, 3.78606110e+02, 8.38550720e+02,
    3.63652740e+02, 8.02219971e+02, 3.48473450e+02, 7.65466003e+02,
    3.32725830e+02, 7.28069763e+02, 3.16758606e+02, 6.90360474e+02,
    3.00673187e+02, 6.51642395e+02, 2.84380432e+02, 6.12583069e+02,
    4.33532562e+02, 8.61503418e+02, 4.19168243e+02, 8.25715881e+02,
    4.04387421e+02, 7.89555420e+02, 3.89481323e+02, 7.52811951e+02,
    3.73955658e+02, 7.15571533e+02, 3.58485657e+02, 6.77551697e+02,
    3.42658295e+02, 6.39310425e+02, 3.26648438e+02, 6.00016235e+02,
    4.73432312e+02, 8.48689880e+02, 4.59316315e+02, 8.13118408e+02,
    4.44839111e+02, 7.77092773e+02, 4.30212341e+02, 7.40430115e+02,
    4.15293274e+02, 7.03096069e+02, 4.00130280e+02, 6.65313782e+02,
    3.84794678e+02, 6.26810669e+02, 3.69244873e+02, 5.87569641e+02,
    5.13366577e+02, 8.35794495e+02, 4.99467072e+02, 8.00454163e+02,
    4.85481384e+02, 7.64503845e+02, 4.71229797e+02, 7.27866516e+02,
    4.56610870e+02, 6.90690552e+02, 4.41851624e+02, 6.52791809e+02,
    4.26761719e+02, 6.14326721e+02, 4.11887024e+02, 5.75298096e+02,
    5.52843811e+02, 8.23058350e+02, 5.39392151e+02, 7.87695312e+02,
    5.25611755e+02, 7.51852417e+02, 5.11674194e+02, 7.15361084e+02,
    4.97527954e+02, 6.78144470e+02, 4.83231506e+02, 6.40435974e+02,
    4.68584473e+02, 6.02057129e+02, 4.53864227e+02, 5.63025208e+02,
    5.92160095e+02, 8.10382751e+02, 5.79071167e+02, 7.74939697e+02,
    5.65640137e+02, 7.39222534e+02, 5.52093506e+02, 7.02752075e+02,
    5.38299316e+02, 6.65714233e+02, 5.24371338e+02, 6.28019226e+02,
    5.10119659e+02, 5.89728271e+02, 4.95581696e+02, 5.50792542e+02,
    6.31572876e+02, 7.97426086e+02, 6.18642517e+02, 7.62285889e+02,
    6.05726990e+02, 7.26446411e+02, 5.92628296e+02, 6.90219666e+02,
    5.79254150e+02, 6.53137695e+02, 5.65591064e+02, 6.15555359e+02,
    5.51685059e+02, 5.77425415e+02, 5.37675232e+02, 5.38722412e+02 ]
