%YAML:1.0
---
points: [ 1.97518188e+02, 8.01552246e+02, 1.83481628e+02, 7.60291199e+02,
    1.69349030e+02, 7.18589844e+02, 1.54938126e+02, 6.76443848e+02,
    1.40227036e+02, 6.33994995e+02, 1.25315201e+02, 5.91132874e+02,
    1.09960190e+02, 5.47487976e+02, 9.44890518e+01, 5.03327789e+02,
    2.43533966e+02, 7.89200684e+02, 2.29672638e+02, 7.48067017e+02,
    2.15716354e+02, 7.06634033e+02, 2.01706665e+02, 6.64707520e+02,
    1.87279694e+02, 6.22412292e+02, 1.72532318e+02, 5.79514404e+02,
    1.57516022e+02, 5.36010864e+02, 1.42401794e+02, 4.92183716e+02,
    2.89151764e+02, 7.76757812e+02, 2.75531860e+02, 7.35967834e+02,
    2.61869934e+02, 6.94651978e+02, 2.48159592e+02, 6.53000244e+02,
    2.33761322e+02, 6.10819885e+02, 2.19319229e+02, 5.68192383e+02,
    2.04613678e+02, 5.24964111e+02, 1.89906036e+02, 4.81215302e+02,
    3.34370667e+02, 7.64652405e+02, 3.21195160e+02, 7.23909729e+02,
    3.07567749e+02, 6.82773071e+02, 2.94096619e+02, 6.41442322e+02,
    2.79975067e+02, 5.99331848e+02, 2.65979828e+02, 5.56855408e+02,
    2.51556931e+02, 5.13748718e+02, 2.37255478e+02, 4.70436035e+02,
    3.79386444e+02, 7.52434570e+02, 3.66484833e+02, 7.12189880e+02,
    3.53325134e+02, 6.71248962e+02, 3.39736511e+02, 6.29892700e+02,
    3.26190582e+02, 5.88056580e+02, 3.12221863e+02, 5.45775330e+02,
    2.98204865e+02, 5.03365997e+02, 2.84110870e+02, 4.59630402e+02,
    4.23721039e+02, 7.40459961e+02, 4.11170868e+02, 7.00268860e+02,
    3.98125702e+02, 6.59778625e+02, 3.85118347e+02, 6.18585449e+02,
    3.71625946e+02, 5.76938599e+02, 3.58161591e+02, 5.34840942e+02,
    3.44436279e+02, 4.92315918e+02, 3.30583832e+02, 4.49253174e+02,
    4.67780487e+02, 7.28511230e+02, 4.55254761e+02, 6.88642822e+02,
    4.42654968e+02, 6.48429260e+02, 4.29765076e+02, 6.07626343e+02,
    4.16894897e+02, 5.66170898e+02, 4.03596130e+02, 5.24297791e+02,
    3.90400635e+02, 4.81648834e+02, 3.76990692e+02, 4.38730194e+02,
    5.11564636e+02, 7.16786621e+02, 4.99337555e+02, 6.77034058e+02,
    4.86982758e+02, 6.37259705e+02, 4.74597961e+02, 5.96561096e+02,
    4.61747864e+02, 5.55266541e+02, 4.49027985e+02, 5.13491760e+02,
    4.36122681e+02, 4.71301941e+02, 4.23141571e+02, 4.28511597e+02,
    5.54604248e+02, 7.05112549e+02, 5.42689575e+02, 6.65687500e+02,
    5.30610229e+02, 6.25830750e+02, 5.18524963e+02, 5.85596558e+02,
    5.06274780e+02, 5.44538269e+02, 4.93689484e+02, 5.03005737e+02,
    4.81032684e+02, 4.60833252e+02, 4.68383209e+02, 4.18419281e+02,
    5.96901978e+02, 6.93423035e+02, 5.85593872e+02, 6.54416748e+02,
    5.73808105e+02, 6.14603821e+02, 5.62042419e+02, 5.74541748e+02,
    5.49978699e+02, 5.33876648e+02, 5.37897827e+02, 4.92577606e+02,
    5.25465271e+02, 4.50717651e+02, 5.13162354e+02, 4.08425659e+02,
    6.39346313e+02, 6.82051880e+02, 6.28190247e+02, 6.43166809e+02,
    6.16768372e+02, 6.03595337e+02, 6.05432861e+02, 5.63830750e+02,
    5.93721863e+02, 5.23451355e+02, 5.81810547e+02, 4.82352386e+02,
    5.69919617e+02, 4.40688446e+02, 5.57784729e+02, 3.98588684e+02 ]
