%YAML:1.0
---
points: [ 2.26201660e+02, 7.72675598e+02, 2.11561493e+02, 7.31712891e+02,
    1.97010605e+02, 6.90377258e+02, 1.82219376e+02, 6.48566711e+02,
    1.66674728e+02, 6.06210632e+02, 1.51136154e+02, 5.63434387e+02,
    1.35192505e+02, 5.20226257e+02, 1.19225464e+02, 4.76406952e+02,
    2.70569916e+02, 7.60501709e+02, 2.56252228e+02, 7.19528931e+02,
    2.41740768e+02, 6.78270081e+02, 2.27120361e+02, 6.36466675e+02,
    2.11867966e+02, 5.94307678e+02, 1.96536743e+02, 5.51542358e+02,
    1.80862427e+02, 5.08400604e+02, 1.65185089e+02, 4.64685638e+02,
    3.14869995e+02, 7.48306641e+02, 3.00740723e+02, 7.07503113e+02,
    2.86435760e+02, 6.66301636e+02, 2.71800354e+02, 6.24528137e+02,
    2.56795319e+02, 5.82492981e+02, 2.41683670e+02, 5.39891235e+02,
    2.26443085e+02, 4.96764832e+02, 2.10856705e+02, 4.53156128e+02,
    3.58848419e+02, 7.36088928e+02, 3.45015594e+02, 6.95466309e+02,
    3.30954895e+02, 6.54514771e+02, 3.16614624e+02, 6.12809387e+02,
    3.01862366e+02, 5.70823669e+02, 2.86940643e+02, 5.28373840e+02,
    2.71792603e+02, 4.85409180e+02, 2.56419495e+02, 4.41613159e+02,
    4.02872131e+02, 7.23847778e+02, 3.89210785e+02, 6.83385986e+02,
    3.75394379e+02, 6.42527405e+02, 3.61245880e+02, 6.01263306e+02,
    3.46704285e+02, 5.59325989e+02, 3.32020569e+02, 5.16855957e+02,
    3.17223602e+02, 4.73756500e+02, 3.02016907e+02, 4.30180847e+02,
    4.46550507e+02, 7.11909424e+02, 4.33010529e+02, 6.71469482e+02,
    4.19352356e+02, 6.30688416e+02, 4.05371338e+02, 5.89581177e+02,
    3.91264984e+02, 5.47697876e+02, 3.76736633e+02, 5.05382446e+02,
    3.62199615e+02, 4.62486115e+02, 3.47467407e+02, 4.18905975e+02,
    4.89814056e+02, 6.99942505e+02, 4.76509827e+02, 6.59943665e+02,
    4.63025146e+02, 6.19256531e+02, 4.49318176e+02, 5.78123657e+02,
    4.35395416e+02, 5.36416870e+02, 4.21442566e+02, 4.94025330e+02,
    4.07213898e+02, 4.51292633e+02, 3.92888733e+02, 4.07745514e+02,
    5.32866577e+02, 6.88078186e+02, 5.19962280e+02, 6.48170349e+02,
    5.06738342e+02, 6.07664612e+02, 4.93396790e+02, 5.66620422e+02,
    4.79756195e+02, 5.25025269e+02, 4.66045593e+02, 4.82707397e+02,
    4.52240173e+02, 4.40086914e+02, 4.38315521e+02, 3.96725647e+02,
    5.75664978e+02, 6.76294373e+02, 5.62897766e+02, 6.36496338e+02,
    5.50058289e+02, 5.96326904e+02, 5.36987976e+02, 5.55328613e+02,
    5.23597717e+02, 5.13673218e+02, 5.10305298e+02, 4.71615173e+02,
    4.96588867e+02, 4.29198700e+02, 4.83109222e+02, 3.85848450e+02,
    6.17820007e+02, 6.64619019e+02, 6.05515259e+02, 6.24721130e+02,
    5.92958008e+02, 5.84707031e+02, 5.80381653e+02, 5.44071289e+02,
    5.67304016e+02, 5.02619751e+02, 5.54276123e+02, 4.60660339e+02,
    5.40920471e+02, 4.18225128e+02, 5.27556458e+02, 3.75203613e+02,
    6.60238159e+02, 6.52816284e+02, 6.48169800e+02, 6.13307678e+02,
    6.35796204e+02, 5.73405273e+02, 6.23552612e+02, 5.32754272e+02,
    6.11090759e+02, 4.91499207e+02, 5.98133667e+02, 4.49710632e+02,
    5.85371094e+02, 4.07432953e+02, 5.72161499e+02, 3.64509796e+02 ]
