%YAML:1.0
---
points: [ 5.15748779e+02, 8.48709351e+02, 5.06220825e+02, 8.11397644e+02,
    4.96424347e+02, 7.73554077e+02, 4.86432434e+02, 7.35680908e+02,
    4.76352692e+02, 6.97394165e+02, 4.65936737e+02, 6.59049011e+02,
    4.55302490e+02, 6.19915283e+02, 4.44593994e+02, 5.80620544e+02,
    5.56104431e+02, 8.38789490e+02, 5.46717041e+02, 8.01518494e+02,
    5.37374939e+02, 7.64156311e+02, 5.27591248e+02, 7.26252930e+02,
    5.17547119e+02, 6.88058777e+02, 5.07488708e+02, 6.49730957e+02,
    4.97178864e+02, 6.11109924e+02, 4.86593658e+02, 5.71750000e+02,
    5.96110962e+02, 8.28764832e+02, 5.86732056e+02, 7.91813049e+02,
    5.77513245e+02, 7.54557556e+02, 5.68173645e+02, 7.17081604e+02,
    5.58496826e+02, 6.78969849e+02, 5.48530396e+02, 6.40665771e+02,
    5.38499084e+02, 6.02230774e+02, 5.28275940e+02, 5.63053223e+02,
    6.35588989e+02, 8.19181763e+02, 6.26651917e+02, 7.82286011e+02,
    6.17453186e+02, 7.45077820e+02, 6.08201721e+02, 7.07778992e+02,
    5.98761780e+02, 6.70120544e+02, 5.89288879e+02, 6.31843018e+02,
    5.79431458e+02, 5.93338196e+02, 5.69496277e+02, 5.54484680e+02,
    6.75017273e+02, 8.09474548e+02, 6.66041626e+02, 7.72741211e+02,
    6.57245178e+02, 7.35784607e+02, 6.48148865e+02, 6.98498962e+02,
    6.38804199e+02, 6.60959106e+02, 6.29449951e+02, 6.23155396e+02,
    6.19876160e+02, 5.84731506e+02, 6.10372009e+02, 5.45770325e+02,
    7.13542114e+02, 8.00205933e+02, 7.05136658e+02, 7.63606018e+02,
    6.96386047e+02, 7.26848816e+02, 6.87344482e+02, 6.89782227e+02,
    6.78358582e+02, 6.52166565e+02, 6.69337341e+02, 6.14261475e+02,
    6.60051636e+02, 5.75931885e+02, 6.50529541e+02, 5.37482910e+02,
    7.52063599e+02, 7.90752014e+02, 7.43567749e+02, 7.54587219e+02,
    7.34848389e+02, 7.17932434e+02, 7.26443726e+02, 6.80987915e+02,
    7.17578186e+02, 6.43586731e+02, 7.08696350e+02, 6.05782532e+02,
    6.99721497e+02, 5.67505493e+02, 6.90737244e+02, 5.29012146e+02,
    7.90221802e+02, 7.81484863e+02, 7.81826660e+02, 7.45427307e+02,
    7.73618469e+02, 7.08899231e+02, 7.65228577e+02, 6.72113220e+02,
    7.56617188e+02, 6.34761597e+02, 7.48286255e+02, 5.97272705e+02,
    7.39367554e+02, 5.59267273e+02, 7.30576538e+02, 5.20627930e+02,
    8.27931152e+02, 7.72360840e+02, 8.19801331e+02, 7.36462402e+02,
    8.11752502e+02, 7.00206848e+02, 8.03562683e+02, 6.63505859e+02,
    7.95401855e+02, 6.26251404e+02, 7.86765198e+02, 5.88644958e+02,
    7.78473328e+02, 5.50676392e+02, 7.69943542e+02, 5.12459534e+02,
    8.65248596e+02, 7.63401672e+02, 8.57492004e+02, 7.27469788e+02,
    8.49558350e+02, 6.91397339e+02, 8.41582581e+02, 6.54679199e+02,
    8.33476807e+02, 6.17703308e+02, 8.25405945e+02, 5.80342712e+02,
    8.17197571e+02, 5.42464783e+02, 8.08651184e+02, 5.04137665e+02,
    9.02598389e+02, 7.54384216e+02, 8.95219360e+02, 7.18482361e+02,
    8.87315979e+02, 6.82422180e+02, 8.79635681e+02, 6.45808472e+02,
    8.71665588e+02, 6.08905945e+02, 8.63883606e+02, 5.71616089e+02,
    8.55713745e+02, 5.34065613e+02, 8.47773193e+02, 4.96073853e+02 ]
