%YAML:1.0
---
points: [ 6.37644958e+02, 8.17051392e+02, 6.36927856e+02, 7.79437622e+02,
    6.36147156e+02, 7.41530701e+02, 6.35348938e+02, 7.03833069e+02,
    6.34495239e+02, 6.65810486e+02, 6.33614014e+02, 6.27879883e+02,
    6.32672607e+02, 5.89623230e+02, 6.31800964e+02, 5.51031128e+02,
    6.76939758e+02, 8.14011719e+02, 6.76360779e+02, 7.76708069e+02,
    6.75674072e+02, 7.39373413e+02, 6.75013855e+02, 7.01928833e+02,
    6.74343262e+02, 6.64283630e+02, 6.73535217e+02, 6.26458679e+02,
    6.72610352e+02, 5.88432251e+02, 6.71615112e+02, 5.50381958e+02,
    7.15900391e+02, 8.11460693e+02, 7.15319763e+02, 7.74450378e+02,
    7.14625183e+02, 7.37327637e+02, 7.13972900e+02, 7.00081604e+02,
    7.13256653e+02, 6.62602234e+02, 7.12507507e+02, 6.25079895e+02,
    7.11802734e+02, 5.87514282e+02, 7.11177063e+02, 5.49638306e+02,
    7.54036194e+02, 8.08700745e+02, 7.53555115e+02, 7.71836792e+02,
    7.53004456e+02, 7.35021484e+02, 7.52456360e+02, 6.98146606e+02,
    7.51785889e+02, 6.61082703e+02, 7.51173401e+02, 6.23879089e+02,
    7.50422119e+02, 5.86556091e+02, 7.49770874e+02, 5.49018188e+02,
    7.91745483e+02, 8.06336182e+02, 7.91307434e+02, 7.69755554e+02,
    7.90766418e+02, 7.33182129e+02, 7.90360779e+02, 6.96588806e+02,
    7.89780701e+02, 6.59714233e+02, 7.89304871e+02, 6.22722900e+02,
    7.88679565e+02, 5.85628967e+02, 7.88099487e+02, 5.48231506e+02,
    8.28819092e+02, 8.03623108e+02, 8.28469543e+02, 7.67415405e+02,
    8.28085205e+02, 7.31187744e+02, 8.27626709e+02, 6.94835632e+02,
    8.27285400e+02, 6.58305420e+02, 8.26682068e+02, 6.21565186e+02,
    8.26300293e+02, 5.84581116e+02, 8.25763855e+02, 5.47492920e+02,
    8.65490784e+02, 8.01389771e+02, 8.65141663e+02, 7.65497375e+02,
    8.64742920e+02, 7.29361877e+02, 8.64449951e+02, 6.93238342e+02,
    8.64199951e+02, 6.56842102e+02, 8.63811157e+02, 6.20339233e+02,
    8.63479980e+02, 5.83631592e+02, 8.63141235e+02, 5.46747681e+02,
    9.01735046e+02, 7.98869385e+02, 9.01553833e+02, 7.63423462e+02,
    9.01380371e+02, 7.27770386e+02, 9.01202942e+02, 6.91827820e+02,
    9.00905701e+02, 6.55503113e+02, 9.00623230e+02, 6.19269836e+02,
    9.00441284e+02, 5.82667969e+02, 9.00173767e+02, 5.46055603e+02,
    9.37556458e+02, 7.96710510e+02, 9.37428467e+02, 7.61306030e+02,
    9.37387390e+02, 7.25813416e+02, 9.37190186e+02, 6.90236511e+02,
    9.36919617e+02, 6.54237244e+02, 9.36837708e+02, 6.18152039e+02,
    9.36648499e+02, 5.81749512e+02, 9.36442505e+02, 5.45429382e+02,
    9.72758850e+02, 7.94413879e+02, 9.72658447e+02, 7.59344360e+02,
    9.72592224e+02, 7.23899414e+02, 9.72573242e+02, 6.88544495e+02,
    9.72472839e+02, 6.52875732e+02, 9.72403870e+02, 6.17039673e+02,
    9.72294128e+02, 5.80937256e+02, 9.72107971e+02, 5.44685059e+02,
    1.00793170e+03, 7.92163879e+02, 1.00783661e+03, 7.57122009e+02,
    1.00780493e+03, 7.22219421e+02, 1.00784113e+03, 6.86937744e+02,
    1.00780609e+03, 6.51303650e+02, 1.00779578e+03, 6.15856018e+02,
    1.00779742e+03, 5.80074219e+02, 1.00777277e+03, 5.44089600e+02 ]
