%YAML:1.0
---
points: [ 4.40786011e+02, 8.32433228e+02, 4.34295715e+02, 7.96154358e+02,
    4.27739349e+02, 7.59562134e+02, 4.21206512e+02, 7.22870850e+02,
    4.14151215e+02, 6.85926514e+02, 4.07182892e+02, 6.48819763e+02,
    4.00135315e+02, 6.11439087e+02, 3.92650574e+02, 5.73684082e+02,
    4.80614868e+02, 8.24596741e+02, 4.74385406e+02, 7.88543030e+02,
    4.67871887e+02, 7.52444458e+02, 4.61270050e+02, 7.15943176e+02,
    4.54616547e+02, 6.79389343e+02, 4.47893158e+02, 6.42428223e+02,
    4.40839691e+02, 6.05216980e+02, 4.33684753e+02, 5.67621216e+02,
    5.19839783e+02, 8.17260742e+02, 5.13540527e+02, 7.81408936e+02,
    5.07420685e+02, 7.45352234e+02, 5.01126495e+02, 7.09079102e+02,
    4.94550354e+02, 6.72525391e+02, 4.87748779e+02, 6.35997742e+02,
    4.81093140e+02, 5.99080688e+02, 4.74322845e+02, 5.61728149e+02,
    5.58620422e+02, 8.09673462e+02, 5.52665894e+02, 7.74164612e+02,
    5.46498352e+02, 7.38498657e+02, 5.40200562e+02, 7.02487183e+02,
    5.33776733e+02, 6.66314514e+02, 5.27497009e+02, 6.29680603e+02,
    5.20829407e+02, 5.93136719e+02, 5.14197754e+02, 5.56042480e+02,
    5.96892822e+02, 8.02448120e+02, 5.90998169e+02, 7.66954102e+02,
    5.85217957e+02, 7.31538086e+02, 5.79105652e+02, 6.95863770e+02,
    5.72742188e+02, 6.59916870e+02, 5.66388000e+02, 6.23617859e+02,
    5.60249939e+02, 5.87197876e+02, 5.53749023e+02, 5.50427612e+02,
    6.34541199e+02, 7.95351746e+02, 6.28737183e+02, 7.60244751e+02,
    6.22956909e+02, 7.24724243e+02, 6.17161377e+02, 6.89439270e+02,
    6.11234680e+02, 6.53652283e+02, 6.04862427e+02, 6.17728149e+02,
    5.98635986e+02, 5.81426147e+02, 5.92457947e+02, 5.44914429e+02,
    6.71677734e+02, 7.88113037e+02, 6.66081360e+02, 7.53445190e+02,
    6.60416321e+02, 7.18344299e+02, 6.54621277e+02, 6.83027588e+02,
    6.48801270e+02, 6.47516602e+02, 6.43056702e+02, 6.11824463e+02,
    6.37226624e+02, 5.75624329e+02, 6.31153198e+02, 5.39384644e+02,
    7.08536743e+02, 7.81175049e+02, 7.03091675e+02, 7.46482361e+02,
    6.97509888e+02, 7.11895935e+02, 6.91905396e+02, 6.76686340e+02,
    6.86351807e+02, 6.41383911e+02, 6.80649353e+02, 6.05837524e+02,
    6.74951904e+02, 5.70137024e+02, 6.69278687e+02, 5.33760437e+02,
    7.44647400e+02, 7.74309570e+02, 7.39355103e+02, 7.39836792e+02,
    7.33929382e+02, 7.05411316e+02, 7.28567932e+02, 6.70602661e+02,
    7.23177307e+02, 6.35379883e+02, 7.17570618e+02, 5.99988037e+02,
    7.12112732e+02, 5.64492737e+02, 7.06556885e+02, 5.28501465e+02,
    7.80476685e+02, 7.67242493e+02, 7.75342224e+02, 7.33308167e+02,
    7.70116455e+02, 6.98742188e+02, 7.64838257e+02, 6.64507751e+02,
    7.59475647e+02, 6.29381470e+02, 7.54186829e+02, 5.94279236e+02,
    7.48721375e+02, 5.58868347e+02, 7.43295898e+02, 5.23279114e+02,
    8.16214966e+02, 7.60480225e+02, 8.11163208e+02, 7.26623840e+02,
    8.06044922e+02, 6.92450684e+02, 8.00924011e+02, 6.58197510e+02,
    7.95704285e+02, 6.23421143e+02, 7.90481140e+02, 5.88404053e+02,
    7.85277832e+02, 5.53401001e+02, 7.80048767e+02, 5.17921021e+02 ]
