%YAML:1.0
---
points: [ 6.02478088e+02, 7.23853760e+02, 6.02257874e+02, 6.96013733e+02,
    6.02112488e+02, 6.68034485e+02, 6.01754944e+02, 6.40232544e+02,
    6.01449097e+02, 6.12312988e+02, 6.01077332e+02, 5.84302979e+02,
    6.00688843e+02, 5.56072510e+02, 6.00297729e+02, 5.27954834e+02,
    6.31985168e+02, 7.22530884e+02, 6.31743469e+02, 6.94875916e+02,
    6.31567810e+02, 6.67105164e+02, 6.31261169e+02, 6.39458374e+02,
    6.30920471e+02, 6.11632629e+02, 6.30521423e+02, 5.83697815e+02,
    6.30108276e+02, 5.55770874e+02, 6.29687378e+02, 5.27739441e+02,
    6.60864136e+02, 7.21161072e+02, 6.60651123e+02, 6.93662048e+02,
    6.60444031e+02, 6.66169983e+02, 6.60213745e+02, 6.38640137e+02,
    6.59893188e+02, 6.11081970e+02, 6.59595886e+02, 5.83232605e+02,
    6.59372742e+02, 5.55481995e+02, 6.58979370e+02, 5.27669128e+02,
    6.89547668e+02, 7.19807129e+02, 6.89382507e+02, 6.92512512e+02,
    6.89169312e+02, 6.65278137e+02, 6.88803589e+02, 6.37934692e+02,
    6.88516479e+02, 6.10301880e+02, 6.88242065e+02, 5.82712830e+02,
    6.87879639e+02, 5.55274170e+02, 6.87562927e+02, 5.27536621e+02,
    7.17742432e+02, 7.18622070e+02, 7.17555054e+02, 6.91548279e+02,
    7.17431763e+02, 6.64366638e+02, 7.17216064e+02, 6.37042480e+02,
    7.16937256e+02, 6.09714417e+02, 7.16691467e+02, 5.82302002e+02,
    7.16524841e+02, 5.54782654e+02, 7.16289856e+02, 5.27411499e+02,
    7.45600830e+02, 7.17461487e+02, 7.45486511e+02, 6.90513428e+02,
    7.45307190e+02, 6.63450684e+02, 7.45075745e+02, 6.36341003e+02,
    7.44906311e+02, 6.09065063e+02, 7.44641296e+02, 5.81802490e+02,
    7.44448669e+02, 5.54520630e+02, 7.44289490e+02, 5.27262207e+02,
    7.73378906e+02, 7.16230103e+02, 7.73155151e+02, 6.89444702e+02,
    7.73039368e+02, 6.62452942e+02, 7.72783386e+02, 6.35545471e+02,
    7.72617554e+02, 6.08480103e+02, 7.72438843e+02, 5.81442383e+02,
    7.72340820e+02, 5.54356201e+02, 7.72132446e+02, 5.27097778e+02,
    8.00760437e+02, 7.15015381e+02, 8.00619751e+02, 6.88360474e+02,
    8.00590515e+02, 6.61636108e+02, 8.00488342e+02, 6.34862793e+02,
    8.00415344e+02, 6.08008240e+02, 8.00246277e+02, 5.81133118e+02,
    8.00169312e+02, 5.54104919e+02, 7.99943298e+02, 5.26993835e+02,
    8.27739319e+02, 7.13869690e+02, 8.27603638e+02, 6.87340149e+02,
    8.27651550e+02, 6.60778137e+02, 8.27547546e+02, 6.34208679e+02,
    8.27465149e+02, 6.07518616e+02, 8.27412964e+02, 5.80631287e+02,
    8.27318665e+02, 5.53821655e+02, 8.27226685e+02, 5.26734375e+02,
    8.54322937e+02, 7.12698486e+02, 8.54304260e+02, 6.86403015e+02,
    8.54332092e+02, 6.60021057e+02, 8.54303711e+02, 6.33497986e+02,
    8.54241577e+02, 6.06819824e+02, 8.54177185e+02, 5.80242798e+02,
    8.54182922e+02, 5.53525757e+02, 8.53968567e+02, 5.26688782e+02,
    8.81128113e+02, 7.11656494e+02, 8.81142151e+02, 6.85395020e+02,
    8.81116943e+02, 6.59078064e+02, 8.81077576e+02, 6.32788330e+02,
    8.80997498e+02, 6.06328796e+02, 8.80922791e+02, 5.79698242e+02,
    8.80954895e+02, 5.53088257e+02, 8.80909119e+02, 5.26457581e+02 ]
