%YAML:1.0
---
points: [ 6.13830139e+02, 6.95499756e+02, 6.18675049e+02, 6.67765747e+02,
    6.23613342e+02, 6.40230591e+02, 6.28567200e+02, 6.12665039e+02,
    6.33438171e+02, 5.85178589e+02, 6.38341309e+02, 5.57387695e+02,
    6.43155334e+02, 5.29611145e+02, 6.47871216e+02, 5.02033478e+02,
    6.43089539e+02, 6.98955078e+02, 6.47893188e+02, 6.71546082e+02,
    6.52741821e+02, 6.44369324e+02, 6.57585205e+02, 6.16914062e+02,
    6.62383667e+02, 5.89400330e+02, 6.67155701e+02, 5.61835449e+02,
    6.71789490e+02, 5.34426147e+02, 6.76575745e+02, 5.06851135e+02,
    6.71538879e+02, 7.02531128e+02, 6.76351440e+02, 6.75434570e+02,
    6.81240906e+02, 6.48286377e+02, 6.85976440e+02, 6.21059631e+02,
    6.90755737e+02, 5.93629272e+02, 6.95622742e+02, 5.66451660e+02,
    7.00463562e+02, 5.39200256e+02, 7.05293823e+02, 5.11763336e+02,
    6.99786377e+02, 7.06262817e+02, 7.04522888e+02, 6.79214966e+02,
    7.09371338e+02, 6.52085144e+02, 7.14009705e+02, 6.24946167e+02,
    7.18686096e+02, 5.97902283e+02, 7.23526611e+02, 5.70883362e+02,
    7.28409119e+02, 5.43830933e+02, 7.33190002e+02, 5.16643921e+02,
    7.27656311e+02, 7.09542908e+02, 7.32590027e+02, 6.82682922e+02,
    7.37323853e+02, 6.55919067e+02, 7.41948364e+02, 6.29212891e+02,
    7.46646118e+02, 6.02228394e+02, 7.51360046e+02, 5.75422424e+02,
    7.56113281e+02, 5.48498474e+02, 7.60737549e+02, 5.21305359e+02,
    7.55100403e+02, 7.13131470e+02, 7.59697632e+02, 6.86541016e+02,
    7.64547119e+02, 6.59863525e+02, 7.69334290e+02, 6.33294556e+02,
    7.74084473e+02, 6.06536804e+02, 7.78678223e+02, 5.79689148e+02,
    7.83493958e+02, 5.52809265e+02, 7.88245605e+02, 5.25911743e+02,
    7.82088684e+02, 7.16625977e+02, 7.86683105e+02, 6.90278137e+02,
    7.91484314e+02, 6.63752014e+02, 7.96334229e+02, 6.37365540e+02,
    8.01207214e+02, 6.10576599e+02, 8.05857605e+02, 5.84048096e+02,
    8.10606995e+02, 5.57335571e+02, 8.15431335e+02, 5.30554871e+02,
    8.08978577e+02, 7.19903503e+02, 8.13667786e+02, 6.93734619e+02,
    8.18457031e+02, 6.67460205e+02, 8.23339233e+02, 6.41167358e+02,
    8.28053894e+02, 6.14662964e+02, 8.32723755e+02, 5.88302979e+02,
    8.37574280e+02, 5.61680115e+02, 8.42381042e+02, 5.35162231e+02,
    8.35439514e+02, 7.23421204e+02, 8.40179810e+02, 6.97311096e+02,
    8.44863831e+02, 6.71208740e+02, 8.49630981e+02, 6.45090698e+02,
    8.54398987e+02, 6.18763794e+02, 8.59235657e+02, 5.92517517e+02,
    8.64002747e+02, 5.66165710e+02, 8.68763428e+02, 5.39689758e+02,
    8.61454590e+02, 7.26688110e+02, 8.66219666e+02, 7.00834717e+02,
    8.70982483e+02, 6.74939026e+02, 8.75697205e+02, 6.49089478e+02,
    8.80506775e+02, 6.22774231e+02, 8.85309570e+02, 5.96765442e+02,
    8.90092529e+02, 5.70497009e+02, 8.94732239e+02, 5.44328064e+02,
    8.87641174e+02, 7.29919617e+02, 8.92335754e+02, 7.04251526e+02,
    8.97075073e+02, 6.78495972e+02, 9.01732056e+02, 6.52626282e+02,
    9.06530945e+02, 6.26807739e+02, 9.11328064e+02, 6.00731384e+02,
    9.16079346e+02, 5.74869507e+02, 9.20723633e+02, 5.48716064e+02 ]
