%YAML:1.0
---
points: [ 7.22991211e+02, 7.02501648e+02, 7.27983093e+02, 6.75198669e+02,
    7.33160950e+02, 6.47768677e+02, 7.38208923e+02, 6.20430115e+02,
    7.43338745e+02, 5.93118958e+02, 7.48462708e+02, 5.65864319e+02,
    7.53493469e+02, 5.38638672e+02, 7.58571167e+02, 5.11460175e+02,
    7.50521423e+02, 7.06095581e+02, 7.55578674e+02, 6.78764038e+02,
    7.60560364e+02, 6.51498840e+02, 7.65566650e+02, 6.24453064e+02,
    7.70544250e+02, 5.97479919e+02, 7.75648193e+02, 5.70539124e+02,
    7.80738708e+02, 5.43568970e+02, 7.85717957e+02, 5.16494690e+02,
    7.77843262e+02, 7.09287476e+02, 7.82651428e+02, 6.82285095e+02,
    7.87602417e+02, 6.55466797e+02, 7.92507568e+02, 6.28645935e+02,
    7.97531799e+02, 6.01807312e+02, 8.02486938e+02, 5.75066589e+02,
    8.07494690e+02, 5.48331604e+02, 8.12594482e+02, 5.21408569e+02,
    8.04576782e+02, 7.12779236e+02, 8.09399109e+02, 6.86125244e+02,
    8.14259094e+02, 6.59405701e+02, 8.19094727e+02, 6.32729675e+02,
    8.24051514e+02, 6.06071045e+02, 8.28897339e+02, 5.79465515e+02,
    8.33862793e+02, 5.52771606e+02, 8.38894043e+02, 5.26324158e+02,
    8.30882507e+02, 7.16076538e+02, 8.35656921e+02, 6.89525208e+02,
    8.40470581e+02, 6.63079529e+02, 8.45329895e+02, 6.36548584e+02,
    8.50263245e+02, 6.10248901e+02, 8.55116943e+02, 5.83714355e+02,
    8.59952393e+02, 5.57443176e+02, 8.64971069e+02, 5.31057983e+02,
    8.56691895e+02, 7.19170837e+02, 8.61488647e+02, 6.92919128e+02,
    8.66273987e+02, 6.66640198e+02, 8.71135132e+02, 6.40514465e+02,
    8.75952332e+02, 6.14322144e+02, 8.80733093e+02, 5.88054688e+02,
    8.85679626e+02, 5.61851990e+02, 8.90576477e+02, 5.35652039e+02,
    8.82084412e+02, 7.22572266e+02, 8.86789368e+02, 6.96510437e+02,
    8.91637146e+02, 6.70513855e+02, 8.96565491e+02, 6.44546570e+02,
    9.01400024e+02, 6.18501587e+02, 9.06296631e+02, 5.92458130e+02,
    9.11051941e+02, 5.66443970e+02, 9.15873108e+02, 5.40435852e+02,
    9.07347656e+02, 7.25708252e+02, 9.12238892e+02, 6.99923096e+02,
    9.16991577e+02, 6.74312439e+02, 9.21778931e+02, 6.48485657e+02,
    9.26580688e+02, 6.22571777e+02, 9.31311218e+02, 5.96767090e+02,
    9.36115784e+02, 5.70945923e+02, 9.40623169e+02, 5.45117615e+02,
    9.32268066e+02, 7.29032043e+02, 9.36974304e+02, 7.03305115e+02,
    9.41753784e+02, 6.77656799e+02, 9.46447998e+02, 6.52224121e+02,
    9.51143860e+02, 6.26492065e+02, 9.55727478e+02, 6.00780579e+02,
    9.60421875e+02, 5.75320557e+02, 9.65167480e+02, 5.49638977e+02,
    9.56408508e+02, 7.32148987e+02, 9.61133667e+02, 7.06690979e+02,
    9.65794922e+02, 6.81232422e+02, 9.70584229e+02, 6.55756836e+02,
    9.75330078e+02, 6.30357910e+02, 9.80064697e+02, 6.04872009e+02,
    9.84720093e+02, 5.79547913e+02, 9.89275635e+02, 5.54184387e+02,
    9.80687439e+02, 7.35077209e+02, 9.85468994e+02, 7.09907410e+02,
    9.90126892e+02, 6.84748657e+02, 9.94802307e+02, 6.59568054e+02,
    9.99376892e+02, 6.34225952e+02, 1.00386621e+03, 6.08889160e+02,
    1.00850311e+03, 5.83618896e+02, 1.01309155e+03, 5.58506653e+02 ]
