%YAML:1.0
---
points: [ 5.84054565e+02, 7.16841431e+02, 5.83770752e+02, 6.90228516e+02,
    5.83653015e+02, 6.63600891e+02, 5.83492493e+02, 6.36895447e+02,
    5.83240295e+02, 6.10208984e+02, 5.82850220e+02, 5.83532593e+02,
    5.82478760e+02, 5.56876099e+02, 5.82172729e+02, 5.30200806e+02,
    6.11752319e+02, 7.15889282e+02, 6.11641052e+02, 6.89293396e+02,
    6.11517395e+02, 6.62930176e+02, 6.11429504e+02, 6.36397400e+02,
    6.11177368e+02, 6.09808655e+02, 6.10860596e+02, 5.83292908e+02,
    6.10547791e+02, 5.56633972e+02, 6.10101440e+02, 5.30042786e+02,
    6.39275269e+02, 7.14948730e+02, 6.39184143e+02, 6.88631836e+02,
    6.38944214e+02, 6.62163269e+02, 6.38797302e+02, 6.35809082e+02,
    6.38570435e+02, 6.09445801e+02, 6.38341797e+02, 5.82940613e+02,
    6.38121460e+02, 5.56433044e+02, 6.37814514e+02, 5.29845947e+02,
    6.66515930e+02, 7.14130554e+02, 6.66338928e+02, 6.87989197e+02,
    6.66204468e+02, 6.61678711e+02, 6.65992188e+02, 6.35317200e+02,
    6.65847107e+02, 6.09142212e+02, 6.65574280e+02, 5.82680359e+02,
    6.65320984e+02, 5.56256592e+02, 6.65087219e+02, 5.29746765e+02,
    6.93713684e+02, 7.13376892e+02, 6.93558411e+02, 6.87220459e+02,
    6.93378601e+02, 6.61106567e+02, 6.93177979e+02, 6.34852661e+02,
    6.92959656e+02, 6.08596252e+02, 6.92699585e+02, 5.82469604e+02,
    6.92502258e+02, 5.55944458e+02, 6.92216309e+02, 5.29659363e+02,
    7.20564453e+02, 7.12559814e+02, 7.20427734e+02, 6.86595581e+02,
    7.20305969e+02, 6.60540588e+02, 7.20077209e+02, 6.34490051e+02,
    7.19733093e+02, 6.08301575e+02, 7.19587952e+02, 5.82142517e+02,
    7.19366394e+02, 5.55774292e+02, 7.19176025e+02, 5.29533447e+02,
    7.47279175e+02, 7.11902527e+02, 7.47087830e+02, 6.85957031e+02,
    7.46824646e+02, 6.60071106e+02, 7.46750122e+02, 6.34119568e+02,
    7.46548584e+02, 6.07976440e+02, 7.46358887e+02, 5.81811951e+02,
    7.46223511e+02, 5.55702087e+02, 7.46074341e+02, 5.29478271e+02,
    7.73788147e+02, 7.11119141e+02, 7.73635376e+02, 6.85417786e+02,
    7.73551697e+02, 6.59575867e+02, 7.73412170e+02, 6.33562378e+02,
    7.73325378e+02, 6.07653198e+02, 7.73210205e+02, 5.81595886e+02,
    7.72891724e+02, 5.55570618e+02, 7.72776978e+02, 5.29452026e+02,
    8.00133362e+02, 7.10295532e+02, 7.99924927e+02, 6.84694275e+02,
    7.99823364e+02, 6.59003113e+02, 7.99769226e+02, 6.33263977e+02,
    7.99571472e+02, 6.07361328e+02, 7.99499390e+02, 5.81357605e+02,
    7.99419739e+02, 5.55416016e+02, 7.99323059e+02, 5.29338013e+02,
    8.26161316e+02, 7.09480774e+02, 8.26130493e+02, 6.83930176e+02,
    8.25997925e+02, 6.58450134e+02, 8.25878784e+02, 6.32782166e+02,
    8.25771851e+02, 6.06816040e+02, 8.25661316e+02, 5.81138611e+02,
    8.25691223e+02, 5.55281799e+02, 8.25481140e+02, 5.29345398e+02,
    8.52414612e+02, 7.08837952e+02, 8.52313599e+02, 6.83321838e+02,
    8.52202576e+02, 6.57816467e+02, 8.52158447e+02, 6.32307922e+02,
    8.52037537e+02, 6.06552551e+02, 8.51892212e+02, 5.80816101e+02,
    8.51845276e+02, 5.54965332e+02, 8.51864624e+02, 5.29166870e+02 ]
