%YAML:1.0
---
points: [ 5.18518005e+02, 7.38354614e+02, 5.13700256e+02, 7.12113708e+02,
    5.08917908e+02, 6.85618164e+02, 5.04163391e+02, 6.59418335e+02,
    4.99167633e+02, 6.32819702e+02, 4.94220551e+02, 6.06488892e+02,
    4.88854736e+02, 5.79812378e+02, 4.83792511e+02, 5.53566284e+02,
    5.45724854e+02, 7.33176331e+02, 5.41139709e+02, 7.06801636e+02,
    5.36392883e+02, 6.80552063e+02, 5.31575623e+02, 6.54287415e+02,
    5.26632385e+02, 6.27857971e+02, 5.21605286e+02, 6.01551697e+02,
    5.16467346e+02, 5.75099731e+02, 5.11357239e+02, 5.48557556e+02,
    5.73251038e+02, 7.27862610e+02, 5.68400024e+02, 7.01621582e+02,
    5.63667114e+02, 6.75478027e+02, 5.58790222e+02, 6.49319031e+02,
    5.53776733e+02, 6.22903198e+02, 5.48729492e+02, 5.96663574e+02,
    5.43632751e+02, 5.70383057e+02, 5.38577332e+02, 5.43830933e+02,
    6.00182312e+02, 7.22754089e+02, 5.95490417e+02, 6.96567627e+02,
    5.90581726e+02, 6.70510315e+02, 5.85811707e+02, 6.44403015e+02,
    5.80723328e+02, 6.18075500e+02, 5.75721069e+02, 5.91802490e+02,
    5.70631226e+02, 5.65571411e+02, 5.65649109e+02, 5.39162476e+02,
    6.27252869e+02, 7.17639709e+02, 6.22415466e+02, 6.91526978e+02,
    6.17512146e+02, 6.65511780e+02, 6.12704529e+02, 6.39416870e+02,
    6.07779358e+02, 6.13241272e+02, 6.02718262e+02, 5.87041565e+02,
    5.97682617e+02, 5.60649353e+02, 5.92681824e+02, 5.34393616e+02,
    6.53906006e+02, 7.12579285e+02, 6.49099243e+02, 6.86519653e+02,
    6.44266357e+02, 6.60530945e+02, 6.39306030e+02, 6.34441467e+02,
    6.34435608e+02, 6.08313293e+02, 6.29519104e+02, 5.82147461e+02,
    6.24559631e+02, 5.55799133e+02, 6.19624390e+02, 5.29564880e+02,
    6.80512756e+02, 7.07538635e+02, 6.75565918e+02, 6.81593201e+02,
    6.70668457e+02, 6.55573425e+02, 6.65890320e+02, 6.29609314e+02,
    6.61156555e+02, 6.03476990e+02, 6.56299500e+02, 5.77344971e+02,
    6.51498291e+02, 5.51276123e+02, 6.46592407e+02, 5.24923157e+02,
    7.07033936e+02, 7.02507202e+02, 7.02309265e+02, 6.76551208e+02,
    6.97468567e+02, 6.50642578e+02, 6.92534485e+02, 6.24691650e+02,
    6.87765808e+02, 5.98595154e+02, 6.83058289e+02, 5.72613647e+02,
    6.78311707e+02, 5.46395203e+02, 6.73610535e+02, 5.20272888e+02,
    7.33437744e+02, 6.97461792e+02, 7.28576172e+02, 6.71569885e+02,
    7.23816345e+02, 6.45787109e+02, 7.19124695e+02, 6.19875427e+02,
    7.14370728e+02, 5.93869141e+02, 7.09592346e+02, 5.67809692e+02,
    7.04966797e+02, 5.41684692e+02, 7.00317078e+02, 5.15602112e+02,
    7.59650391e+02, 6.92467285e+02, 7.54992371e+02, 6.66651489e+02,
    7.50268555e+02, 6.40863525e+02, 7.45496887e+02, 6.15233643e+02,
    7.40673401e+02, 5.89189087e+02, 7.36202759e+02, 5.63266602e+02,
    7.31474731e+02, 5.37222107e+02, 7.26709290e+02, 5.11123566e+02,
    7.86185059e+02, 6.87477234e+02, 7.81503235e+02, 6.61656128e+02,
    7.76860596e+02, 6.35865662e+02, 7.72245605e+02, 6.10306519e+02,
    7.67465088e+02, 5.84386108e+02, 7.62772766e+02, 5.58493713e+02,
    7.58176086e+02, 5.32498779e+02, 7.53487854e+02, 5.06458740e+02 ]
