%YAML:1.0
---
points: [ 4.99761719e+02, 7.29473022e+02, 4.92686859e+02, 7.04686584e+02,
    4.85903381e+02, 6.79736877e+02, 4.78819305e+02, 6.54550049e+02,
    4.71457306e+02, 6.29018616e+02, 4.63949829e+02, 6.03010803e+02,
    4.56120972e+02, 5.76789673e+02, 4.48332794e+02, 5.50313477e+02,
    5.26567810e+02, 7.25117798e+02, 5.19770447e+02, 7.00499451e+02,
    5.13015442e+02, 6.75522705e+02, 5.06111023e+02, 6.50156677e+02,
    4.98727051e+02, 6.24536865e+02, 4.91483307e+02, 5.98717102e+02,
    4.83825409e+02, 5.72498962e+02, 4.76117157e+02, 5.45973206e+02,
    5.53409790e+02, 7.20856262e+02, 5.46650513e+02, 6.96242126e+02,
    5.40018311e+02, 6.71218140e+02, 5.33113281e+02, 6.45912903e+02,
    5.26105530e+02, 6.20390747e+02, 5.18757996e+02, 5.94618408e+02,
    5.11600342e+02, 5.68401245e+02, 5.03900330e+02, 5.41639709e+02,
    5.80021729e+02, 7.16628662e+02, 5.73534668e+02, 6.91910767e+02,
    5.66800598e+02, 6.66872192e+02, 5.60272888e+02, 6.41717712e+02,
    5.53518677e+02, 6.16306396e+02, 5.46421448e+02, 5.90441345e+02,
    5.39214478e+02, 5.64266113e+02, 5.31926636e+02, 5.37555786e+02,
    6.06767334e+02, 7.12435730e+02, 6.00381287e+02, 6.87597290e+02,
    5.93919006e+02, 6.62679871e+02, 5.87436951e+02, 6.37667480e+02,
    5.80700500e+02, 6.12149719e+02, 5.73816223e+02, 5.86325500e+02,
    5.66797424e+02, 5.60004028e+02, 5.59777710e+02, 5.33277100e+02,
    6.33360718e+02, 7.08148376e+02, 6.27135620e+02, 6.83418518e+02,
    6.20827332e+02, 6.58673218e+02, 6.14447571e+02, 6.33530212e+02,
    6.07738953e+02, 6.07867920e+02, 6.01294617e+02, 5.81857788e+02,
    5.94406311e+02, 5.55558716e+02, 5.87443420e+02, 5.28969849e+02,
    6.59710632e+02, 7.03842529e+02, 6.53764771e+02, 6.79489075e+02,
    6.47646912e+02, 6.54568176e+02, 6.41373962e+02, 6.29340210e+02,
    6.34864624e+02, 6.03709290e+02, 6.28530823e+02, 5.77770325e+02,
    6.22167969e+02, 5.51405334e+02, 6.15534241e+02, 5.24586609e+02,
    6.86322815e+02, 6.99751526e+02, 6.80580200e+02, 6.75356384e+02,
    6.74603271e+02, 6.50425293e+02, 6.68596130e+02, 6.25255493e+02,
    6.62419189e+02, 5.99627319e+02, 6.56150085e+02, 5.73650574e+02,
    6.49760132e+02, 5.47208618e+02, 6.43589844e+02, 5.20375244e+02,
    7.12789124e+02, 6.95722778e+02, 7.07202209e+02, 6.71159485e+02,
    7.01452698e+02, 6.46343140e+02, 6.95532043e+02, 6.21179077e+02,
    6.89715149e+02, 5.95567993e+02, 6.83713867e+02, 5.69539612e+02,
    6.77495605e+02, 5.43077820e+02, 6.71399597e+02, 5.16151184e+02,
    7.39322815e+02, 6.91509521e+02, 7.33744629e+02, 6.66890259e+02,
    7.28341919e+02, 6.42227722e+02, 7.22676270e+02, 6.17022217e+02,
    7.16828918e+02, 5.91273560e+02, 7.11243530e+02, 5.65233948e+02,
    7.05323730e+02, 5.38673828e+02, 6.99329163e+02, 5.11756897e+02,
    7.66093323e+02, 6.87322815e+02, 7.60708923e+02, 6.62616516e+02,
    7.55359070e+02, 6.37770203e+02, 7.49932678e+02, 6.12565979e+02,
    7.44436646e+02, 5.86794495e+02, 7.38817566e+02, 5.60681152e+02,
    7.33256165e+02, 5.34219482e+02, 7.27560547e+02, 5.07417511e+02 ]
