%YAML:1.0
---
points: [ 5.03282196e+02, 6.93268921e+02, 5.02875641e+02, 6.67418701e+02,
    5.02743164e+02, 6.41624023e+02, 5.02324249e+02, 6.15426758e+02,
    5.01881561e+02, 5.89021729e+02, 5.01363281e+02, 5.62555115e+02,
    5.00699005e+02, 5.35774292e+02, 4.99958313e+02, 5.08692657e+02,
    5.29658691e+02, 6.95146179e+02, 5.29562195e+02, 6.69142029e+02,
    5.29296204e+02, 6.43397949e+02, 5.29163757e+02, 6.17179321e+02,
    5.28723389e+02, 5.90839050e+02, 5.28158569e+02, 5.64328430e+02,
    5.27656982e+02, 5.37564941e+02, 5.27099243e+02, 5.10399048e+02,
    5.56067505e+02, 6.96738647e+02, 5.56045776e+02, 6.70774902e+02,
    5.55830444e+02, 6.44969055e+02, 5.55684265e+02, 6.18779053e+02,
    5.55501770e+02, 5.92469971e+02, 5.54957947e+02, 5.65981995e+02,
    5.54524536e+02, 5.39172058e+02, 5.54120605e+02, 5.12173706e+02,
    5.82497559e+02, 6.98324890e+02, 5.82485840e+02, 6.72475037e+02,
    5.82470947e+02, 6.46559509e+02, 5.82298584e+02, 6.20518555e+02,
    5.82129028e+02, 5.94264893e+02, 5.81846924e+02, 5.67564697e+02,
    5.81497131e+02, 5.40851074e+02, 5.81108643e+02, 5.13786194e+02,
    6.09132385e+02, 7.00079773e+02, 6.09188660e+02, 6.74419006e+02,
    6.09142944e+02, 6.48443176e+02, 6.09022156e+02, 6.22391052e+02,
    6.08903137e+02, 5.96054260e+02, 6.08608459e+02, 5.69473389e+02,
    6.08493286e+02, 5.42679382e+02, 6.08358948e+02, 5.15510376e+02,
    6.35506775e+02, 7.01784363e+02, 6.35568115e+02, 6.76040771e+02,
    6.35545837e+02, 6.50167297e+02, 6.35624695e+02, 6.24077942e+02,
    6.35541870e+02, 5.97713440e+02, 6.35552673e+02, 5.71159241e+02,
    6.35482910e+02, 5.44431885e+02, 6.35390686e+02, 5.17216980e+02,
    6.61771545e+02, 7.03443420e+02, 6.61896606e+02, 6.77695068e+02,
    6.62136414e+02, 6.51948853e+02, 6.62208740e+02, 6.25857056e+02,
    6.62340698e+02, 5.99525757e+02, 6.62521057e+02, 5.72941528e+02,
    6.62597534e+02, 5.46021973e+02, 6.62732239e+02, 5.18906921e+02,
    6.88338562e+02, 7.05337952e+02, 6.88579956e+02, 6.79744385e+02,
    6.88848145e+02, 6.53876160e+02, 6.89111938e+02, 6.27906555e+02,
    6.89449585e+02, 6.01493896e+02, 6.89675110e+02, 5.74835449e+02,
    6.89943726e+02, 5.47941711e+02, 6.90322754e+02, 5.20633423e+02,
    7.14816040e+02, 7.07155823e+02, 7.15176147e+02, 6.81580750e+02,
    7.15536438e+02, 6.55686890e+02, 7.15908997e+02, 6.29553711e+02,
    7.16336060e+02, 6.03066589e+02, 7.16635498e+02, 5.76468079e+02,
    7.17173462e+02, 5.49634338e+02, 7.17551636e+02, 5.22482605e+02,
    7.41387817e+02, 7.08713257e+02, 7.41881592e+02, 6.83144714e+02,
    7.42410645e+02, 6.57459473e+02, 7.42866150e+02, 6.31324829e+02,
    7.43347290e+02, 6.04811707e+02, 7.43754578e+02, 5.78197571e+02,
    7.44337402e+02, 5.51154785e+02, 7.44948242e+02, 5.24115295e+02,
    7.68385376e+02, 7.10702148e+02, 7.68932434e+02, 6.85175903e+02,
    7.69423218e+02, 6.59252869e+02, 7.70110718e+02, 6.33208008e+02,
    7.70639648e+02, 6.06653503e+02, 7.71284912e+02, 5.79925903e+02,
    7.71937683e+02, 5.52953613e+02, 7.72763000e+02, 5.25640198e+02 ]
