%YAML:1.0
---
points: [ 5.13318176e+02, 6.63855225e+02, 5.17799438e+02, 6.38389893e+02,
    5.22549500e+02, 6.12812683e+02, 5.27250916e+02, 5.87132629e+02,
    5.31618164e+02, 5.61040955e+02, 5.36034790e+02, 5.34838501e+02,
    5.40310364e+02, 5.08532043e+02, 5.44662476e+02, 4.81910431e+02,
    5.39455994e+02, 6.69881836e+02, 5.44218689e+02, 6.44479919e+02,
    5.48948792e+02, 6.18879761e+02, 5.53674561e+02, 5.93127563e+02,
    5.58344299e+02, 5.67320740e+02, 5.62690796e+02, 5.41182800e+02,
    5.67195862e+02, 5.14842102e+02, 5.71596863e+02, 4.88319519e+02,
    5.65698608e+02, 6.75856262e+02, 5.70512634e+02, 6.50433228e+02,
    5.75361328e+02, 6.24831055e+02, 5.80067017e+02, 5.99422852e+02,
    5.84675293e+02, 5.73527710e+02, 5.89334656e+02, 5.47520752e+02,
    5.93723755e+02, 5.21310486e+02, 5.98393188e+02, 4.94655640e+02,
    5.91861938e+02, 6.81833984e+02, 5.96736816e+02, 6.56488892e+02,
    6.01577820e+02, 6.31248413e+02, 6.06400269e+02, 6.05585815e+02,
    6.11174316e+02, 5.79734741e+02, 6.15651367e+02, 5.53704651e+02,
    6.20456970e+02, 5.27594727e+02, 6.25142822e+02, 5.01092346e+02,
    6.18135864e+02, 6.87779175e+02, 6.22954041e+02, 6.62653625e+02,
    6.27790955e+02, 6.37361023e+02, 6.32714600e+02, 6.11790405e+02,
    6.37544617e+02, 5.86067688e+02, 6.42220886e+02, 5.60084473e+02,
    6.47109680e+02, 5.33730164e+02, 6.52004028e+02, 5.07451416e+02,
    6.44252502e+02, 6.94029602e+02, 6.49110535e+02, 6.68795288e+02,
    6.54022949e+02, 6.43565552e+02, 6.58879150e+02, 6.18068054e+02,
    6.63773987e+02, 5.92313660e+02, 6.68680969e+02, 5.66185364e+02,
    6.73658813e+02, 5.40026917e+02, 6.78616760e+02, 5.13486267e+02,
    6.70132263e+02, 7.00180176e+02, 6.75149109e+02, 6.75001709e+02,
    6.80125000e+02, 6.49723755e+02, 6.85100342e+02, 6.24305847e+02,
    6.90125000e+02, 5.98392273e+02, 6.95214172e+02, 5.72588379e+02,
    7.00361938e+02, 5.46277161e+02, 7.05550598e+02, 5.19878235e+02,
    6.96285950e+02, 7.06430115e+02, 7.01358398e+02, 6.81288635e+02,
    7.06433838e+02, 6.55902527e+02, 7.11432434e+02, 6.30498291e+02,
    7.16504944e+02, 6.04801270e+02, 7.21731079e+02, 5.78830078e+02,
    7.27088806e+02, 5.52635803e+02, 7.32384827e+02, 5.26346069e+02,
    7.22286377e+02, 7.12544067e+02, 7.27474854e+02, 6.87419861e+02,
    7.32582581e+02, 6.62225342e+02, 7.37584229e+02, 6.36824158e+02,
    7.42882324e+02, 6.11170044e+02, 7.48285461e+02, 5.85282166e+02,
    7.53583435e+02, 5.59178650e+02, 7.59022583e+02, 5.32576355e+02,
    7.48362793e+02, 7.18499512e+02, 7.53564575e+02, 6.93461731e+02,
    7.58639404e+02, 6.68379578e+02, 7.63989868e+02, 6.43152649e+02,
    7.69387085e+02, 6.17385437e+02, 7.74757324e+02, 5.91448059e+02,
    7.80317871e+02, 5.65402100e+02, 7.85762268e+02, 5.38929688e+02,
    7.74717224e+02, 7.24523376e+02, 7.80076843e+02, 6.99650757e+02,
    7.85219666e+02, 6.74596252e+02, 7.90589783e+02, 6.49300293e+02,
    7.96192566e+02, 6.23445068e+02, 8.01629517e+02, 5.97546448e+02,
    8.07204651e+02, 5.71521973e+02, 8.12699158e+02, 5.45236328e+02 ]
