%YAML:1.0
---
points: [ 6.33636963e+02, 6.77265381e+02, 6.38263245e+02, 6.50617126e+02,
    6.42657166e+02, 6.23968750e+02, 6.47102051e+02, 5.97450745e+02,
    6.51467102e+02, 5.70529358e+02, 6.55658691e+02, 5.43630737e+02,
    6.60166443e+02, 5.16711975e+02, 6.64489929e+02, 4.89507538e+02,
    6.61249817e+02, 6.81607971e+02, 6.65632080e+02, 6.55057678e+02,
    6.70175781e+02, 6.28566223e+02, 6.74648499e+02, 6.01879150e+02,
    6.79198914e+02, 5.75255737e+02, 6.83488770e+02, 5.48462280e+02,
    6.87694519e+02, 5.21391846e+02, 6.92132385e+02, 4.94342316e+02,
    6.88499084e+02, 6.86045105e+02, 6.93026794e+02, 6.59515320e+02,
    6.97419800e+02, 6.33019226e+02, 7.01932373e+02, 6.06396118e+02,
    7.06474365e+02, 5.79739624e+02, 7.10897461e+02, 5.52898499e+02,
    7.15330688e+02, 5.26131104e+02, 7.19577209e+02, 4.99122162e+02,
    7.15793762e+02, 6.90287415e+02, 7.20289734e+02, 6.63849792e+02,
    7.24606628e+02, 6.37428345e+02, 7.29148743e+02, 6.10829773e+02,
    7.33554016e+02, 5.84302307e+02, 7.38121887e+02, 5.57492615e+02,
    7.42599121e+02, 5.30677063e+02, 7.47084656e+02, 5.03751831e+02,
    7.42978943e+02, 6.94432983e+02, 7.47482788e+02, 6.68129089e+02,
    7.51792908e+02, 6.41698364e+02, 7.56303528e+02, 6.15390991e+02,
    7.60636475e+02, 5.88635254e+02, 7.65208313e+02, 5.62180542e+02,
    7.69742615e+02, 5.35403259e+02, 7.74386658e+02, 5.08590851e+02,
    7.69757690e+02, 6.98568787e+02, 7.74387329e+02, 6.72417236e+02,
    7.78784363e+02, 6.46221802e+02, 7.83292847e+02, 6.19696228e+02,
    7.87610107e+02, 5.93337891e+02, 7.92211487e+02, 5.66706726e+02,
    7.96708130e+02, 5.40170593e+02, 8.01443054e+02, 5.13372864e+02,
    7.96455750e+02, 7.02831482e+02, 8.01098633e+02, 6.76761047e+02,
    8.05564758e+02, 6.50546448e+02, 8.10016785e+02, 6.24321533e+02,
    8.14540405e+02, 5.97882385e+02, 8.19095459e+02, 5.71417297e+02,
    8.23622253e+02, 5.44828186e+02, 8.28401245e+02, 5.18249756e+02,
    8.23195068e+02, 7.07317017e+02, 8.27739136e+02, 6.81226440e+02,
    8.32396362e+02, 6.55141296e+02, 8.36875549e+02, 6.28853333e+02,
    8.41573975e+02, 6.02516602e+02, 8.46114746e+02, 5.76073547e+02,
    8.50635864e+02, 5.49554993e+02, 8.55365417e+02, 5.23004272e+02,
    8.49647644e+02, 7.11511597e+02, 8.54270935e+02, 6.85546692e+02,
    8.58960266e+02, 6.59543579e+02, 8.63586426e+02, 6.33432129e+02,
    8.68257019e+02, 6.07124756e+02, 8.72797241e+02, 5.80605347e+02,
    8.77463745e+02, 5.54232849e+02, 8.82182861e+02, 5.27579285e+02,
    8.76141846e+02, 7.15565796e+02, 8.80682800e+02, 6.89746460e+02,
    8.85458313e+02, 6.63767029e+02, 8.90195740e+02, 6.37734863e+02,
    8.94750000e+02, 6.11541138e+02, 8.99470093e+02, 5.85296814e+02,
    9.04275452e+02, 5.58753906e+02, 9.08756287e+02, 5.32308228e+02,
    9.02723389e+02, 7.19698364e+02, 9.07411499e+02, 6.94032593e+02,
    9.12123474e+02, 6.68123291e+02, 9.16837036e+02, 6.42210938e+02,
    9.21574036e+02, 6.15869873e+02, 9.26333923e+02, 5.89667908e+02,
    9.31006836e+02, 5.63399658e+02, 9.35767395e+02, 5.36843811e+02 ]
