%YAML:1.0
---
points: [ 7.45499634e+02, 6.79296326e+02, 7.49632996e+02, 6.53236694e+02,
    7.53784546e+02, 6.27118408e+02, 7.57952637e+02, 6.00968933e+02,
    7.61955505e+02, 5.74780396e+02, 7.65917786e+02, 5.48625671e+02,
    7.70116882e+02, 5.22528503e+02, 7.74330688e+02, 4.96328461e+02,
    7.72119751e+02, 6.82741150e+02, 7.76251099e+02, 6.56705872e+02,
    7.80420166e+02, 6.30717163e+02, 7.84557068e+02, 6.04779114e+02,
    7.88530579e+02, 5.78623169e+02, 7.92507324e+02, 5.52597656e+02,
    7.96614685e+02, 5.26510620e+02, 8.00838257e+02, 5.00464417e+02,
    7.98467285e+02, 6.86546997e+02, 8.02531738e+02, 6.60545654e+02,
    8.06637634e+02, 6.34519714e+02, 8.10790771e+02, 6.08647705e+02,
    8.14729553e+02, 5.82509094e+02, 8.18697632e+02, 5.56494080e+02,
    8.22966858e+02, 5.30496338e+02, 8.27275391e+02, 5.04422699e+02,
    8.24607666e+02, 6.90229492e+02, 8.28682068e+02, 6.64317932e+02,
    8.32847351e+02, 6.38462891e+02, 8.36892944e+02, 6.12532104e+02,
    8.40911621e+02, 5.86555542e+02, 8.44947693e+02, 5.60568665e+02,
    8.49188721e+02, 5.34547607e+02, 8.53317322e+02, 5.08545135e+02,
    8.50768982e+02, 6.93661987e+02, 8.54759766e+02, 6.67816833e+02,
    8.58949341e+02, 6.42144592e+02, 8.62992615e+02, 6.16395142e+02,
    8.67041321e+02, 5.90523010e+02, 8.71050110e+02, 5.64618347e+02,
    8.75314941e+02, 5.38711426e+02, 8.79420471e+02, 5.12706238e+02,
    8.76635620e+02, 6.97307129e+02, 8.80729431e+02, 6.71547424e+02,
    8.84899536e+02, 6.45792358e+02, 8.88810181e+02, 6.20188110e+02,
    8.92893066e+02, 5.94299683e+02, 8.97035461e+02, 5.68495361e+02,
    9.01203369e+02, 5.42644409e+02, 9.05304871e+02, 5.16820801e+02,
    9.02451050e+02, 7.00996399e+02, 9.06527283e+02, 6.75403625e+02,
    9.10697815e+02, 6.49668274e+02, 9.14655457e+02, 6.23855896e+02,
    9.18671265e+02, 5.98137817e+02, 9.22900146e+02, 5.72414490e+02,
    9.27106079e+02, 5.46589661e+02, 9.31245605e+02, 5.20790222e+02,
    9.28306580e+02, 7.04557556e+02, 9.32481506e+02, 6.79128906e+02,
    9.36540100e+02, 6.53562683e+02, 9.40545715e+02, 6.27861389e+02,
    9.44586365e+02, 6.02139587e+02, 9.48733093e+02, 5.76390015e+02,
    9.52929443e+02, 5.50593933e+02, 9.56969971e+02, 5.24868652e+02,
    9.54055481e+02, 7.08183838e+02, 9.58182007e+02, 6.82621765e+02,
    9.62193787e+02, 6.57197144e+02, 9.66201843e+02, 6.31617249e+02,
    9.70315979e+02, 6.06094666e+02, 9.74401367e+02, 5.80428894e+02,
    9.78554993e+02, 5.54719177e+02, 9.82551941e+02, 5.28833557e+02,
    9.79437256e+02, 7.11778442e+02, 9.83464905e+02, 6.86411194e+02,
    9.87516541e+02, 6.60763306e+02, 9.91589478e+02, 6.35281067e+02,
    9.95883423e+02, 6.09676941e+02, 9.99917786e+02, 5.84206726e+02,
    1.00394714e+03, 5.58632324e+02, 1.00803912e+03, 5.33138306e+02,
    1.00519397e+03, 7.15359253e+02, 1.00917358e+03, 6.89953125e+02,
    1.01316986e+03, 6.64639099e+02, 1.01737561e+03, 6.39212585e+02,
    1.02151459e+03, 6.13596741e+02, 1.02548633e+03, 5.88059021e+02,
    1.02949866e+03, 5.62515869e+02, 1.03368652e+03, 5.36919861e+02 ]
