%YAML:1.0
---
points: [ 7.38276489e+02, 6.95757812e+02, 7.40308228e+02, 6.70576111e+02,
    7.42662720e+02, 6.45282776e+02, 7.44807983e+02, 6.19652954e+02,
    7.47237671e+02, 5.93919983e+02, 7.49364441e+02, 5.67901855e+02,
    7.51466187e+02, 5.41758484e+02, 7.53810303e+02, 5.15348389e+02,
    7.64791748e+02, 6.97802185e+02, 7.67119995e+02, 6.72773376e+02,
    7.69500549e+02, 6.47675720e+02, 7.71681091e+02, 6.22323975e+02,
    7.74168640e+02, 5.96619446e+02, 7.76457214e+02, 5.70713196e+02,
    7.78845886e+02, 5.44663147e+02, 7.81170898e+02, 5.18317444e+02,
    7.91294861e+02, 7.00271606e+02, 7.93589172e+02, 6.75274841e+02,
    7.96153870e+02, 6.50087463e+02, 7.98480225e+02, 6.24631775e+02,
    8.01067200e+02, 5.99072998e+02, 8.03380493e+02, 5.73430359e+02,
    8.05908508e+02, 5.47459595e+02, 8.08320496e+02, 5.21053040e+02,
    8.17460449e+02, 7.02423706e+02, 8.19965149e+02, 6.77410950e+02,
    8.22557678e+02, 6.52520752e+02, 8.25039612e+02, 6.27358398e+02,
    8.27707092e+02, 6.01804321e+02, 8.30254272e+02, 5.76159241e+02,
    8.32776062e+02, 5.50277588e+02, 8.35441711e+02, 5.23972717e+02,
    8.43752319e+02, 7.04483093e+02, 8.46309631e+02, 6.79869690e+02,
    8.48831421e+02, 6.54890015e+02, 8.51731750e+02, 6.30250061e+02,
    8.54315857e+02, 6.04376099e+02, 8.56988708e+02, 5.78821411e+02,
    8.59594238e+02, 5.53024536e+02, 8.62498413e+02, 5.26778076e+02,
    8.69655090e+02, 7.06893311e+02, 8.72379456e+02, 6.82220215e+02,
    8.75179626e+02, 6.57408752e+02, 8.77854004e+02, 6.32450256e+02,
    8.80617126e+02, 6.07175354e+02, 8.83578491e+02, 5.81543030e+02,
    8.86374146e+02, 5.55588562e+02, 8.89485962e+02, 5.29496155e+02,
    8.95603882e+02, 7.09056946e+02, 8.98271057e+02, 6.84633301e+02,
    9.01284851e+02, 6.60069458e+02, 9.04151184e+02, 6.34909119e+02,
    9.07054993e+02, 6.09634399e+02, 9.10153931e+02, 5.84330200e+02,
    9.13103210e+02, 5.58553284e+02, 9.16341553e+02, 5.32453491e+02,
    9.21479004e+02, 7.11620483e+02, 9.24331665e+02, 6.87155640e+02,
    9.27423645e+02, 6.62479858e+02, 9.30422913e+02, 6.37693970e+02,
    9.33451355e+02, 6.12498413e+02, 9.36656799e+02, 5.86980164e+02,
    9.39689819e+02, 5.61242798e+02, 9.43081238e+02, 5.35158997e+02,
    9.47250793e+02, 7.13707703e+02, 9.50056030e+02, 6.89479858e+02,
    9.53417542e+02, 6.65127991e+02, 9.56482666e+02, 6.40185730e+02,
    9.59714111e+02, 6.15015869e+02, 9.63070740e+02, 5.89666870e+02,
    9.66085022e+02, 5.63959656e+02, 9.69591309e+02, 5.38032837e+02,
    9.72681580e+02, 7.16060242e+02, 9.75723022e+02, 6.91813171e+02,
    9.79282349e+02, 6.67338135e+02, 9.82398376e+02, 6.42627258e+02,
    9.85761841e+02, 6.17571960e+02, 9.89236389e+02, 5.92286987e+02,
    9.92516846e+02, 5.66516724e+02, 9.96116455e+02, 5.40625732e+02,
    9.98474670e+02, 7.18339050e+02, 1.00178601e+03, 6.94038391e+02,
    1.00518927e+03, 6.69775757e+02, 1.00847614e+03, 6.45075745e+02,
    1.01204443e+03, 6.19958740e+02, 1.01555396e+03, 5.94769226e+02,
    1.01894067e+03, 5.69401245e+02, 1.02259058e+03, 5.43517395e+02 ]
