%YAML:1.0
---
points: [ 8.25343811e+02, 6.94713013e+02, 8.28628418e+02, 6.69131714e+02,
    8.32177612e+02, 6.43346313e+02, 8.35424927e+02, 6.17304626e+02,
    8.38911194e+02, 5.91052124e+02, 8.42451782e+02, 5.64721863e+02,
    8.45779541e+02, 5.38233032e+02, 8.49436035e+02, 5.11428284e+02,
    8.52071472e+02, 6.97350830e+02, 8.55255432e+02, 6.71632141e+02,
    8.58857483e+02, 6.45965820e+02, 8.62356079e+02, 6.20124023e+02,
    8.65745300e+02, 5.94059814e+02, 8.69478027e+02, 5.67815552e+02,
    8.73085022e+02, 5.41451538e+02, 8.76627625e+02, 5.14659302e+02,
    8.78383606e+02, 6.99944336e+02, 8.81692322e+02, 6.74534058e+02,
    8.85340088e+02, 6.48924866e+02, 8.88985596e+02, 6.23131897e+02,
    8.92448425e+02, 5.97213013e+02, 8.96260681e+02, 5.71058838e+02,
    8.99980713e+02, 5.44793579e+02, 9.03518372e+02, 5.18263672e+02,
    9.04479431e+02, 7.02562988e+02, 9.07902527e+02, 6.77208740e+02,
    9.11671448e+02, 6.51635193e+02, 9.15394714e+02, 6.26030579e+02,
    9.18963745e+02, 6.00277161e+02, 9.22761841e+02, 5.74307983e+02,
    9.26591003e+02, 5.48139038e+02, 9.30408020e+02, 5.21633179e+02,
    9.30518921e+02, 7.05239014e+02, 9.34128601e+02, 6.80071228e+02,
    9.37907837e+02, 6.54601807e+02, 9.41669067e+02, 6.29153015e+02,
    9.45396667e+02, 6.03292236e+02, 9.49264099e+02, 5.77378479e+02,
    9.53279358e+02, 5.51263367e+02, 9.57107361e+02, 5.24931946e+02,
    9.56345642e+02, 7.07831909e+02, 9.60082336e+02, 6.82649597e+02,
    9.63999512e+02, 6.57538208e+02, 9.67646667e+02, 6.32210999e+02,
    9.71503052e+02, 6.06478455e+02, 9.75408325e+02, 5.80595642e+02,
    9.79475098e+02, 5.54553833e+02, 9.83484680e+02, 5.28333313e+02,
    9.81902649e+02, 7.10568909e+02, 9.85866577e+02, 6.85647278e+02,
    9.89810913e+02, 6.60448914e+02, 9.93702454e+02, 6.35068359e+02,
    9.97590027e+02, 6.09458801e+02, 1.00163214e+03, 5.83802307e+02,
    1.00573615e+03, 5.57859009e+02, 1.00996698e+03, 5.31622742e+02,
    1.00762494e+03, 7.13315063e+02, 1.01167896e+03, 6.88374023e+02,
    1.01574481e+03, 6.63459473e+02, 1.01963867e+03, 6.38293640e+02,
    1.02368292e+03, 6.12697998e+02, 1.02785266e+03, 5.87025146e+02,
    1.03213965e+03, 5.61086121e+02, 1.03631006e+03, 5.34851135e+02,
    1.03316418e+03, 7.15932495e+02, 1.03730383e+03, 6.91292114e+02,
    1.04141504e+03, 6.66360229e+02, 1.04541357e+03, 6.41136841e+02,
    1.04945667e+03, 6.15706299e+02, 1.05379578e+03, 5.90299622e+02,
    1.05805078e+03, 5.64386780e+02, 1.06231360e+03, 5.38310181e+02,
    1.05843958e+03, 7.18531250e+02, 1.06249219e+03, 6.93715576e+02,
    1.06660864e+03, 6.69112366e+02, 1.07073560e+03, 6.44120117e+02,
    1.07513855e+03, 6.18650574e+02, 1.07955408e+03, 5.93172668e+02,
    1.08387537e+03, 5.67375671e+02, 1.08812744e+03, 5.41383667e+02,
    1.08375220e+03, 7.21218262e+02, 1.08791040e+03, 6.96535522e+02,
    1.09219836e+03, 6.71692993e+02, 1.09648340e+03, 6.46746277e+02,
    1.10083252e+03, 6.21639282e+02, 1.10527686e+03, 5.96327637e+02,
    1.10961060e+03, 5.70628479e+02, 1.11408069e+03, 5.44683594e+02 ]
