%YAML:1.0
---
points: [ 6.52060669e+02, 7.80770020e+02, 6.50050598e+02, 7.55129456e+02,
    6.48166748e+02, 7.29638123e+02, 6.46159607e+02, 7.03867981e+02,
    6.44039795e+02, 6.78133118e+02, 6.41736450e+02, 6.52099243e+02,
    6.39398315e+02, 6.26095215e+02, 6.37341919e+02, 5.99801514e+02,
    6.78510193e+02, 7.79450134e+02, 6.76604248e+02, 7.54028931e+02,
    6.74801453e+02, 7.28526489e+02, 6.72862488e+02, 7.02798279e+02,
    6.70659302e+02, 6.76942627e+02, 6.68676880e+02, 6.51045166e+02,
    6.66400330e+02, 6.24924683e+02, 6.64337036e+02, 5.98586121e+02,
    7.05089478e+02, 7.78101379e+02, 7.03070496e+02, 7.52859924e+02,
    7.01375732e+02, 7.27359375e+02, 6.99446411e+02, 7.01805176e+02,
    6.97430786e+02, 6.75845154e+02, 6.95431824e+02, 6.49931274e+02,
    6.93244507e+02, 6.23846130e+02, 6.91127563e+02, 5.97602539e+02,
    7.31341858e+02, 7.76985474e+02, 7.29348877e+02, 7.51616150e+02,
    7.27739197e+02, 7.26141541e+02, 7.25954102e+02, 7.00637451e+02,
    7.23951416e+02, 6.74937378e+02, 7.22099976e+02, 6.48914734e+02,
    7.19972290e+02, 6.22871948e+02, 7.18087585e+02, 5.96571777e+02,
    7.57635925e+02, 7.75850769e+02, 7.55787537e+02, 7.50549072e+02,
    7.54203125e+02, 7.25134277e+02, 7.52537781e+02, 6.99577087e+02,
    7.50596313e+02, 6.73872681e+02, 7.48732422e+02, 6.48025146e+02,
    7.46987366e+02, 6.21788391e+02, 7.44995911e+02, 5.95416992e+02,
    7.83983704e+02, 7.74846130e+02, 7.82143311e+02, 7.49482910e+02,
    7.80571594e+02, 7.24019470e+02, 7.78965271e+02, 6.98517090e+02,
    7.77167542e+02, 6.72740295e+02, 7.75398987e+02, 6.46785706e+02,
    7.73684998e+02, 6.20696533e+02, 7.71768799e+02, 5.94326660e+02,
    8.10103271e+02, 7.73777954e+02, 8.08464722e+02, 7.48605408e+02,
    8.06849976e+02, 7.23217773e+02, 8.05449219e+02, 6.97582581e+02,
    8.03656311e+02, 6.71835266e+02, 8.02080078e+02, 6.45897705e+02,
    8.00564453e+02, 6.19637207e+02, 7.98831238e+02, 5.93098694e+02,
    8.36467957e+02, 7.72635132e+02, 8.34891907e+02, 7.47584900e+02,
    8.33474854e+02, 7.22327881e+02, 8.32080688e+02, 6.96744141e+02,
    8.30505859e+02, 6.70875366e+02, 8.28915649e+02, 6.44903442e+02,
    8.27500000e+02, 6.18604431e+02, 8.26066589e+02, 5.92133301e+02,
    8.62857361e+02, 7.71552551e+02, 8.61314270e+02, 7.46439941e+02,
    8.59962341e+02, 7.21265198e+02, 8.58505920e+02, 6.95750244e+02,
    8.57131836e+02, 6.69940613e+02, 8.55615417e+02, 6.43895752e+02,
    8.54290405e+02, 6.17678467e+02, 8.53058716e+02, 5.91169128e+02,
    8.89155334e+02, 7.70623474e+02, 8.87720703e+02, 7.45386658e+02,
    8.86368774e+02, 7.20054565e+02, 8.85185059e+02, 6.94583191e+02,
    8.83840332e+02, 6.68855896e+02, 8.82414062e+02, 6.42796021e+02,
    8.81174316e+02, 6.16532288e+02, 8.79984009e+02, 5.89976440e+02,
    9.15809875e+02, 7.69572510e+02, 9.14433594e+02, 7.44305786e+02,
    9.13233093e+02, 7.18940918e+02, 9.12098389e+02, 6.93364929e+02,
    9.10829346e+02, 6.67532043e+02, 9.09561035e+02, 6.41572632e+02,
    9.08360291e+02, 6.15228760e+02, 9.07133545e+02, 5.88812317e+02 ]
