%YAML:1.0
---
points: [ 5.52703430e+02, 8.20283386e+02, 5.41702393e+02, 7.96522827e+02,
    5.30776001e+02, 7.72714111e+02, 5.19643250e+02, 7.48911865e+02,
    5.08473206e+02, 7.25116516e+02, 4.96996216e+02, 7.01328796e+02,
    4.85472565e+02, 6.77440857e+02, 4.73723053e+02, 6.53422119e+02,
    5.76718079e+02, 8.09652771e+02, 5.65748474e+02, 7.85809387e+02,
    5.54762329e+02, 7.62237305e+02, 5.43593689e+02, 7.38303711e+02,
    5.32291687e+02, 7.14574341e+02, 5.20988220e+02, 6.90550720e+02,
    5.09466522e+02, 6.66716431e+02, 4.97843353e+02, 6.42676636e+02,
    6.00699829e+02, 7.98947266e+02, 5.89600647e+02, 7.75281616e+02,
    5.78573425e+02, 7.51507019e+02, 5.67524475e+02, 7.27672913e+02,
    5.56338318e+02, 7.03864685e+02, 5.44881592e+02, 6.79925171e+02,
    5.33494812e+02, 6.56045349e+02, 5.21806458e+02, 6.31969910e+02,
    6.24623596e+02, 7.88455505e+02, 6.13677795e+02, 7.64524353e+02,
    6.02611755e+02, 7.40888184e+02, 5.91433960e+02, 7.17035767e+02,
    5.80243774e+02, 6.93308655e+02, 5.68856750e+02, 6.69284790e+02,
    5.57399658e+02, 6.45430786e+02, 5.45894531e+02, 6.21354187e+02,
    6.48565491e+02, 7.77654968e+02, 6.37468872e+02, 7.53883240e+02,
    6.26502136e+02, 7.30257568e+02, 6.15394104e+02, 7.06454712e+02,
    6.04254639e+02, 6.82512634e+02, 5.92745667e+02, 6.58589600e+02,
    5.81448853e+02, 6.34616943e+02, 5.69990356e+02, 6.10606934e+02,
    6.72501526e+02, 7.67130615e+02, 6.61555847e+02, 7.43346436e+02,
    6.50500366e+02, 7.19677002e+02, 6.39353699e+02, 6.95735291e+02,
    6.28101501e+02, 6.71881165e+02, 6.16695129e+02, 6.47897400e+02,
    6.05397339e+02, 6.23855225e+02, 5.94050903e+02, 5.99765259e+02,
    6.96406616e+02, 7.56532227e+02, 6.85265747e+02, 7.32833679e+02,
    6.74278503e+02, 7.09140381e+02, 6.63078308e+02, 6.85321472e+02,
    6.51907104e+02, 6.61391357e+02, 6.40728882e+02, 6.37397705e+02,
    6.29561462e+02, 6.13252563e+02, 6.18333252e+02, 5.89091492e+02,
    7.20379395e+02, 7.45801086e+02, 7.09444275e+02, 7.22142761e+02,
    6.98339417e+02, 6.98458069e+02, 6.87319580e+02, 6.74536926e+02,
    6.76191895e+02, 6.50607422e+02, 6.65033997e+02, 6.26469177e+02,
    6.53662354e+02, 6.02411560e+02, 6.42465698e+02, 5.78268311e+02,
    7.44446960e+02, 7.35305420e+02, 7.33330627e+02, 7.11545349e+02,
    7.22311829e+02, 6.87858704e+02, 7.11188538e+02, 6.63935303e+02,
    7.00108887e+02, 6.39850891e+02, 6.88899780e+02, 6.15799927e+02,
    6.77841980e+02, 5.91640076e+02, 6.66677612e+02, 5.67459778e+02,
    7.68325562e+02, 7.24586548e+02, 7.57365540e+02, 7.00854187e+02,
    7.46463013e+02, 6.77105713e+02, 7.35413330e+02, 6.53194580e+02,
    7.24319275e+02, 6.29142151e+02, 7.13179749e+02, 6.05089966e+02,
    7.02102112e+02, 5.80772156e+02, 6.90873291e+02, 5.56594788e+02,
    7.92619629e+02, 7.13913025e+02, 7.81680664e+02, 6.90126099e+02,
    7.70742676e+02, 6.66387085e+02, 7.59636658e+02, 6.42400269e+02,
    7.48658325e+02, 6.18359314e+02, 7.37577271e+02, 5.94241821e+02,
    7.26555969e+02, 5.69866150e+02, 7.15374207e+02, 5.45627014e+02 ]
