%YAML:1.0
---
points: [ 4.87818604e+02, 7.19072327e+02, 4.75598694e+02, 6.94886719e+02,
    4.63458557e+02, 6.70661438e+02, 4.51200470e+02, 6.46661682e+02,
    4.38733551e+02, 6.22298096e+02, 4.25892609e+02, 5.97986511e+02,
    4.13245453e+02, 5.73497437e+02, 4.00240753e+02, 5.48866028e+02,
    5.11374908e+02, 7.07816833e+02, 4.99406342e+02, 6.83602722e+02,
    4.87216248e+02, 6.59477539e+02, 4.74740265e+02, 6.35315979e+02,
    4.62289673e+02, 6.10803711e+02, 4.49596802e+02, 5.86501953e+02,
    4.36763550e+02, 5.62129578e+02, 4.23855621e+02, 5.37323120e+02,
    5.35364014e+02, 6.96426514e+02, 5.22982056e+02, 6.72452881e+02,
    5.10729553e+02, 6.48150818e+02, 4.98479828e+02, 6.23968872e+02,
    4.85887604e+02, 5.99513062e+02, 4.73249542e+02, 5.75163574e+02,
    4.60480743e+02, 5.50542358e+02, 4.47508392e+02, 5.25790283e+02,
    5.58977478e+02, 6.85348267e+02, 5.46802734e+02, 6.61187317e+02,
    5.34575195e+02, 6.36942261e+02, 5.22187012e+02, 6.12544312e+02,
    5.09601227e+02, 5.88252869e+02, 4.96906281e+02, 5.63597900e+02,
    4.84069427e+02, 5.38971008e+02, 4.71229614e+02, 5.14256958e+02,
    5.83104065e+02, 6.73941650e+02, 5.70695862e+02, 6.49787354e+02,
    5.58420776e+02, 6.25493591e+02, 5.46003723e+02, 6.01186340e+02,
    5.33415161e+02, 5.76700745e+02, 5.20618103e+02, 5.52138184e+02,
    5.08011078e+02, 5.27369568e+02, 4.95196136e+02, 5.02518127e+02,
    6.06763550e+02, 6.62796936e+02, 5.94565857e+02, 6.38484375e+02,
    5.82322693e+02, 6.14232727e+02, 5.69721497e+02, 5.89759094e+02,
    5.57269165e+02, 5.65212769e+02, 5.44622681e+02, 5.40586670e+02,
    5.31698364e+02, 5.15739868e+02, 5.19151550e+02, 4.90741913e+02,
    6.30704651e+02, 6.51506042e+02, 6.18426697e+02, 6.27196411e+02,
    6.05907776e+02, 6.02770325e+02, 5.93622253e+02, 5.78438171e+02,
    5.81197021e+02, 5.53637878e+02, 5.68486084e+02, 5.29014221e+02,
    5.55986938e+02, 5.04059174e+02, 5.43250793e+02, 4.79053009e+02,
    6.54878662e+02, 6.40240479e+02, 6.42480896e+02, 6.15726624e+02,
    6.30269409e+02, 5.91356262e+02, 6.17728455e+02, 5.66845825e+02,
    6.05295837e+02, 5.42187561e+02, 5.92740112e+02, 5.17353027e+02,
    5.80215332e+02, 4.92339386e+02, 5.67611023e+02, 4.67261536e+02,
    6.78915161e+02, 6.28676270e+02, 6.66652710e+02, 6.04360413e+02,
    6.54307678e+02, 5.79827393e+02, 6.41900208e+02, 5.55404602e+02,
    6.29479858e+02, 5.30486694e+02, 6.16863098e+02, 5.05499939e+02,
    6.04501526e+02, 4.80435028e+02, 5.91968384e+02, 4.55265656e+02,
    7.03253845e+02, 6.17303284e+02, 6.90809143e+02, 5.92859558e+02,
    6.78617004e+02, 5.68373657e+02, 6.66273254e+02, 5.43602966e+02,
    6.53663879e+02, 5.18694763e+02, 6.41330872e+02, 4.93819275e+02,
    6.28737183e+02, 4.68646881e+02, 6.16109985e+02, 4.43646454e+02,
    7.27668091e+02, 6.05563354e+02, 7.15419067e+02, 5.81133118e+02,
    7.03299561e+02, 5.56573303e+02, 6.90759216e+02, 5.31756409e+02,
    6.78490784e+02, 5.06756683e+02, 6.66110107e+02, 4.81844482e+02,
    6.53427429e+02, 4.56955841e+02, 6.41086548e+02, 4.31414917e+02 ]
