%YAML:1.0
---
points: [ 5.59673096e+02, 7.16097839e+02, 5.51381653e+02, 6.86755554e+02,
    5.43228088e+02, 6.57250061e+02, 5.34723267e+02, 6.27640259e+02,
    5.26162292e+02, 5.97537964e+02, 5.17290283e+02, 5.67087830e+02,
    5.08260101e+02, 5.36542175e+02, 4.99152802e+02, 5.05462708e+02,
    5.91257019e+02, 7.08359131e+02, 5.83304199e+02, 6.79275696e+02,
    5.75054260e+02, 6.49815735e+02, 5.66729004e+02, 6.20225830e+02,
    5.58416992e+02, 5.90342896e+02, 5.49656799e+02, 5.60102478e+02,
    5.40900513e+02, 5.29391174e+02, 5.31923706e+02, 4.98440277e+02,
    6.22477295e+02, 7.00709595e+02, 6.14573608e+02, 6.71639038e+02,
    6.06665161e+02, 6.42480164e+02, 5.98544617e+02, 6.12985901e+02,
    5.90285950e+02, 5.82964783e+02, 5.81817932e+02, 5.52992493e+02,
    5.73167053e+02, 5.22509644e+02, 5.64561035e+02, 4.91572540e+02,
    6.53400757e+02, 6.93225281e+02, 6.45546997e+02, 6.64493042e+02,
    6.37818970e+02, 6.35072632e+02, 6.29896973e+02, 6.05747803e+02,
    6.21801575e+02, 5.76015503e+02, 6.13646545e+02, 5.45820923e+02,
    6.05263123e+02, 5.15487610e+02, 5.96767273e+02, 4.84635071e+02,
    6.84140503e+02, 6.85749817e+02, 6.76516235e+02, 6.56820068e+02,
    6.69003052e+02, 6.28043335e+02, 6.61156677e+02, 5.98558716e+02,
    6.53327881e+02, 5.68942566e+02, 6.45290344e+02, 5.39072083e+02,
    6.37159668e+02, 5.08544830e+02, 6.28796021e+02, 4.77796509e+02,
    7.14431702e+02, 6.78421753e+02, 7.07093811e+02, 6.49725464e+02,
    6.99572144e+02, 6.20793762e+02, 6.92043213e+02, 5.91590759e+02,
    6.84275208e+02, 5.61787537e+02, 6.76484802e+02, 5.32144775e+02,
    6.68648254e+02, 5.01966858e+02, 6.60611755e+02, 4.70978882e+02,
    7.44523071e+02, 6.71253845e+02, 7.37409912e+02, 6.42695251e+02,
    7.29970459e+02, 6.13724670e+02, 7.22632812e+02, 5.84703979e+02,
    7.15190613e+02, 5.55037415e+02, 7.07507812e+02, 5.25246460e+02,
    6.99846558e+02, 4.95041748e+02, 6.92123901e+02, 4.64426666e+02,
    7.74599609e+02, 6.64126648e+02, 7.67505066e+02, 6.35475159e+02,
    7.60465393e+02, 6.06858643e+02, 7.53322021e+02, 5.77596985e+02,
    7.46058899e+02, 5.48325806e+02, 7.38580933e+02, 5.18484375e+02,
    7.31214233e+02, 4.88096313e+02, 7.23495667e+02, 4.57607635e+02,
    8.04255249e+02, 6.56792908e+02, 7.97443726e+02, 6.28514526e+02,
    7.90536194e+02, 5.99761536e+02, 7.83560425e+02, 5.70879883e+02,
    7.76402893e+02, 5.41414978e+02, 7.69239746e+02, 5.11631287e+02,
    7.61954224e+02, 4.81490631e+02, 7.54598022e+02, 4.50825012e+02,
    8.33577332e+02, 6.49665771e+02, 8.27201294e+02, 6.21464600e+02,
    8.20278992e+02, 5.92697876e+02, 8.13506287e+02, 5.63918457e+02,
    8.06583740e+02, 5.34506104e+02, 7.99633728e+02, 5.04754364e+02,
    7.92551331e+02, 4.74889648e+02, 7.85416382e+02, 4.44354767e+02,
    8.63417847e+02, 6.42532349e+02, 8.56714905e+02, 6.14293274e+02,
    8.50207336e+02, 5.85784302e+02, 8.43629944e+02, 5.56737732e+02,
    8.37026001e+02, 5.27591553e+02, 8.30117249e+02, 4.97958099e+02,
    8.23246399e+02, 4.67905396e+02, 8.16382996e+02, 4.37678314e+02 ]
