%YAML:1.0
---
points: [ 6.94314209e+02, 7.20578857e+02, 6.90387085e+02, 6.92084167e+02,
    6.86421936e+02, 6.63373596e+02, 6.82458679e+02, 6.34352600e+02,
    6.78487244e+02, 6.05046875e+02, 6.74400085e+02, 5.75608948e+02,
    6.70123169e+02, 5.45817688e+02, 6.65765808e+02, 5.15801392e+02,
    7.24359070e+02, 7.16349976e+02, 7.20758301e+02, 6.87735168e+02,
    7.17023682e+02, 6.59304016e+02, 7.13019348e+02, 6.30345947e+02,
    7.09236633e+02, 6.01336060e+02, 7.05421631e+02, 5.71835083e+02,
    7.01319946e+02, 5.42301025e+02, 6.97141418e+02, 5.12388489e+02,
    7.54391174e+02, 7.12187378e+02, 7.50618835e+02, 6.83721008e+02,
    7.47152344e+02, 6.55233337e+02, 7.43440796e+02, 6.26507874e+02,
    7.39549683e+02, 5.97542419e+02, 7.35790894e+02, 5.68306458e+02,
    7.32135010e+02, 5.38760315e+02, 7.28114807e+02, 5.08802765e+02,
    7.83913452e+02, 7.07834778e+02, 7.80532654e+02, 6.79716125e+02,
    7.76851135e+02, 6.51155518e+02, 7.73461792e+02, 6.22706787e+02,
    7.69771790e+02, 5.93712463e+02, 7.66091736e+02, 5.64760376e+02,
    7.62463623e+02, 5.35285217e+02, 7.58726685e+02, 5.05519104e+02,
    8.13265015e+02, 7.03545593e+02, 8.10007019e+02, 6.75637878e+02,
    8.06610168e+02, 6.47376099e+02, 8.03145081e+02, 6.18929382e+02,
    7.99794128e+02, 5.90302856e+02, 7.96344604e+02, 5.61158813e+02,
    7.92656311e+02, 5.31841858e+02, 7.89240845e+02, 5.02213470e+02,
    8.42437744e+02, 6.99540527e+02, 8.39133850e+02, 6.71586975e+02,
    8.35945679e+02, 6.43668213e+02, 8.32645874e+02, 6.15168274e+02,
    8.29337708e+02, 5.86623108e+02, 8.26164978e+02, 5.57546448e+02,
    8.22724304e+02, 5.28445801e+02, 8.19152649e+02, 4.98731171e+02,
    8.71153137e+02, 6.95631531e+02, 8.68203308e+02, 6.67722961e+02,
    8.65049377e+02, 6.39799255e+02, 8.61879272e+02, 6.11638428e+02,
    8.58787354e+02, 5.82852783e+02, 8.55530396e+02, 5.54264832e+02,
    8.52573364e+02, 5.24916382e+02, 8.49327087e+02, 4.95588043e+02,
    9.00056702e+02, 6.91636658e+02, 8.97023743e+02, 6.64101440e+02,
    8.94241455e+02, 6.36091248e+02, 8.91289490e+02, 6.07955200e+02,
    8.88287903e+02, 5.79494873e+02, 8.85358643e+02, 5.50589172e+02,
    8.82127869e+02, 5.21645325e+02, 8.79236694e+02, 4.92162445e+02,
    9.28370239e+02, 6.87598145e+02, 9.25629761e+02, 6.60160645e+02,
    9.22957581e+02, 6.32442566e+02, 9.20181213e+02, 6.04240723e+02,
    9.17355591e+02, 5.75817200e+02, 9.14465881e+02, 5.47219971e+02,
    9.11574890e+02, 5.18181030e+02, 9.08542786e+02, 4.88766083e+02,
    9.56489746e+02, 6.83618652e+02, 9.53893250e+02, 6.56156860e+02,
    9.51370117e+02, 6.28580933e+02, 9.48819885e+02, 6.00641846e+02,
    9.45936340e+02, 5.72238281e+02, 9.43444641e+02, 5.43856262e+02,
    9.40578369e+02, 5.14683472e+02, 9.37854065e+02, 4.85570648e+02,
    9.85003479e+02, 6.79776367e+02, 9.82346313e+02, 6.52323730e+02,
    9.79976746e+02, 6.24663513e+02, 9.77508057e+02, 5.96961914e+02,
    9.74813660e+02, 5.68710876e+02, 9.72391357e+02, 5.40166870e+02,
    9.69827698e+02, 5.11470032e+02, 9.67252930e+02, 4.82278870e+02 ]
