%YAML:1.0
---
points: [ 8.12477234e+02, 7.46397827e+02, 8.12384155e+02, 7.19308228e+02,
    8.12387573e+02, 6.92295349e+02, 8.12366211e+02, 6.65132935e+02,
    8.12338867e+02, 6.37661865e+02, 8.12278381e+02, 6.09875671e+02,
    8.12190857e+02, 5.82232666e+02, 8.12115417e+02, 5.54319153e+02,
    8.40364502e+02, 7.45174500e+02, 8.40389526e+02, 7.18370667e+02,
    8.40394897e+02, 6.91453735e+02, 8.40454407e+02, 6.64317627e+02,
    8.40381348e+02, 6.36887817e+02, 8.40504639e+02, 6.09445740e+02,
    8.40552307e+02, 5.81699829e+02, 8.40581116e+02, 5.54072754e+02,
    8.68116577e+02, 7.44024597e+02, 8.68199951e+02, 7.17432129e+02,
    8.68321838e+02, 6.90620117e+02, 8.68379700e+02, 6.63576355e+02,
    8.68469299e+02, 6.36277222e+02, 8.68578430e+02, 6.08934143e+02,
    8.68777344e+02, 5.81440674e+02, 8.68913696e+02, 5.53744873e+02,
    8.95409424e+02, 7.43088135e+02, 8.95531982e+02, 7.16449097e+02,
    8.95643860e+02, 6.89685608e+02, 8.95912231e+02, 6.62763672e+02,
    8.96204224e+02, 6.35605835e+02, 8.96445679e+02, 6.08361755e+02,
    8.96635132e+02, 5.81145691e+02, 8.96773315e+02, 5.53497681e+02,
    9.22574463e+02, 7.41903320e+02, 9.22746155e+02, 7.15419006e+02,
    9.23102600e+02, 6.88802490e+02, 9.23423401e+02, 6.62011047e+02,
    9.23653564e+02, 6.35077209e+02, 9.23899963e+02, 6.08046265e+02,
    9.24299561e+02, 5.80772217e+02, 9.24639648e+02, 5.53240479e+02,
    9.49459717e+02, 7.40834656e+02, 9.49767456e+02, 7.14489197e+02,
    9.50193054e+02, 6.88026978e+02, 9.50497742e+02, 6.61432922e+02,
    9.50800110e+02, 6.34567688e+02, 9.51330994e+02, 6.07580200e+02,
    9.51749817e+02, 5.80413757e+02, 9.52265442e+02, 5.52887573e+02,
    9.76121704e+02, 7.39909241e+02, 9.76508057e+02, 7.13695923e+02,
    9.77091614e+02, 6.87341675e+02, 9.77584961e+02, 6.60812012e+02,
    9.78136597e+02, 6.34105103e+02, 9.78663086e+02, 6.07243591e+02,
    9.79186340e+02, 5.80011536e+02, 9.79651245e+02, 5.52623230e+02,
    1.00281787e+03, 7.38989136e+02, 1.00343915e+03, 7.12946533e+02,
    1.00401996e+03, 6.86739197e+02, 1.00471100e+03, 6.60354065e+02,
    1.00540759e+03, 6.33589050e+02, 1.00593933e+03, 6.06818848e+02,
    1.00648175e+03, 5.79688171e+02, 1.00698389e+03, 5.52412598e+02,
    1.02916357e+03, 7.38144897e+02, 1.02995728e+03, 7.12137146e+02,
    1.03078088e+03, 6.86109192e+02, 1.03148730e+03, 6.59698059e+02,
    1.03208618e+03, 6.33137390e+02, 1.03276233e+03, 6.06419922e+02,
    1.03339172e+03, 5.79489990e+02, 1.03406018e+03, 5.52135559e+02,
    1.05531323e+03, 7.37077332e+02, 1.05614526e+03, 7.11259644e+02,
    1.05697070e+03, 6.85299866e+02, 1.05792847e+03, 6.59019531e+02,
    1.05855920e+03, 6.32599609e+02, 1.05935449e+03, 6.05880798e+02,
    1.06008679e+03, 5.79039246e+02, 1.06084973e+03, 5.51885376e+02,
    1.08171716e+03, 7.35988770e+02, 1.08254810e+03, 7.10336548e+02,
    1.08340918e+03, 6.84405823e+02, 1.08437915e+03, 6.58365051e+02,
    1.08520312e+03, 6.31931030e+02, 1.08596619e+03, 6.05333496e+02,
    1.08682715e+03, 5.78477783e+02, 1.08770227e+03, 5.51431030e+02 ]
