%YAML:1.0
---
points: [ 7.07145813e+02, 7.39246338e+02, 7.09662415e+02, 7.12838989e+02,
    7.12302917e+02, 6.86497498e+02, 7.14907043e+02, 6.60124878e+02,
    7.17519653e+02, 6.33475220e+02, 7.20123535e+02, 6.06798035e+02,
    7.22596375e+02, 5.80209900e+02, 7.25223206e+02, 5.53349426e+02,
    7.34281616e+02, 7.41224670e+02, 7.37146790e+02, 7.15023987e+02,
    7.39583557e+02, 6.88690063e+02, 7.42448730e+02, 6.62408813e+02,
    7.44827454e+02, 6.35855408e+02, 7.47601135e+02, 6.09381348e+02,
    7.50106445e+02, 5.82701721e+02, 7.52768616e+02, 5.55883728e+02,
    7.61348999e+02, 7.43433838e+02, 7.64098450e+02, 7.17411926e+02,
    7.66642822e+02, 6.91136169e+02, 7.69476868e+02, 6.64996521e+02,
    7.72047180e+02, 6.38497192e+02, 7.74738342e+02, 6.12171875e+02,
    7.77340576e+02, 5.85568542e+02, 7.80230103e+02, 5.58813232e+02,
    7.88242798e+02, 7.45511230e+02, 7.91024475e+02, 7.19434082e+02,
    7.93616394e+02, 6.93430847e+02, 7.96464050e+02, 6.67267883e+02,
    7.99070496e+02, 6.40877747e+02, 8.01731628e+02, 6.14540649e+02,
    8.04507141e+02, 5.88107544e+02, 8.07234802e+02, 5.61448364e+02,
    8.15030334e+02, 7.47661072e+02, 8.17664246e+02, 7.21750183e+02,
    8.20536804e+02, 6.95812622e+02, 8.23288208e+02, 6.69810364e+02,
    8.26019287e+02, 6.43589233e+02, 8.28628540e+02, 6.17399841e+02,
    8.31563293e+02, 5.90817932e+02, 8.34265564e+02, 5.64358276e+02,
    8.41590332e+02, 7.49791016e+02, 8.44329590e+02, 7.23934265e+02,
    8.47213745e+02, 6.98096069e+02, 8.49857239e+02, 6.72096436e+02,
    8.52731812e+02, 6.46033875e+02, 8.55388367e+02, 6.19694092e+02,
    8.58396118e+02, 5.93374207e+02, 8.61148132e+02, 5.66832275e+02,
    8.68079407e+02, 7.51947998e+02, 8.70644958e+02, 7.26409546e+02,
    8.73650696e+02, 7.00627991e+02, 8.76373779e+02, 6.74764709e+02,
    8.79337341e+02, 6.48575256e+02, 8.82000122e+02, 6.22535034e+02,
    8.85133179e+02, 5.96307190e+02, 8.87981140e+02, 5.69721252e+02,
    8.94484497e+02, 7.54376709e+02, 8.97150818e+02, 7.28680359e+02,
    9.00254517e+02, 7.03011414e+02, 9.02891724e+02, 6.77136108e+02,
    9.05952148e+02, 6.51143982e+02, 9.08775330e+02, 6.24936157e+02,
    9.11868774e+02, 5.98606323e+02, 9.14869934e+02, 5.72335449e+02,
    9.20636902e+02, 7.56392029e+02, 9.23443054e+02, 7.30812500e+02,
    9.26413147e+02, 7.05417297e+02, 9.29265076e+02, 6.79598877e+02,
    9.32391846e+02, 6.53705444e+02, 9.35317444e+02, 6.27646179e+02,
    9.38373840e+02, 6.01454590e+02, 9.41378784e+02, 5.75156433e+02,
    9.46606628e+02, 7.58648010e+02, 9.49489868e+02, 7.33254150e+02,
    9.52658752e+02, 7.07609985e+02, 9.55494629e+02, 6.81929504e+02,
    9.58669617e+02, 6.56078003e+02, 9.61580933e+02, 6.30063782e+02,
    9.64732788e+02, 6.03910461e+02, 9.67798035e+02, 5.77625732e+02,
    9.72900452e+02, 7.60769592e+02, 9.75737549e+02, 7.35370667e+02,
    9.78942078e+02, 7.09813660e+02, 9.81793518e+02, 6.84353455e+02,
    9.85031250e+02, 6.58634521e+02, 9.87998047e+02, 6.32666992e+02,
    9.91248047e+02, 6.06581665e+02, 9.94461731e+02, 5.80508240e+02 ]
