%YAML:1.0
---
points: [ 6.38009705e+02, 7.44787231e+02, 6.35755371e+02, 7.18733337e+02,
    6.33663818e+02, 6.92502563e+02, 6.31552246e+02, 6.66281799e+02,
    6.29068848e+02, 6.39757996e+02, 6.26784851e+02, 6.13033264e+02,
    6.24202698e+02, 5.86286987e+02, 6.21696716e+02, 5.59204834e+02,
    6.65245239e+02, 7.43243774e+02, 6.63281494e+02, 7.17317810e+02,
    6.61088684e+02, 6.91117737e+02, 6.59043884e+02, 6.64892944e+02,
    6.56622070e+02, 6.38308411e+02, 6.54433350e+02, 6.11743591e+02,
    6.52017395e+02, 5.84892212e+02, 6.49470276e+02, 5.57807983e+02,
    6.92279785e+02, 7.41619446e+02, 6.90426575e+02, 7.15725342e+02,
    6.88328369e+02, 6.89607422e+02, 6.86240967e+02, 6.63358643e+02,
    6.84268677e+02, 6.36793091e+02, 6.81656982e+02, 6.10250977e+02,
    6.79585938e+02, 5.83432495e+02, 6.77279663e+02, 5.56348816e+02,
    7.19289734e+02, 7.40030029e+02, 7.17405701e+02, 7.14124756e+02,
    7.15522888e+02, 6.88081543e+02, 7.13311279e+02, 6.61878540e+02,
    7.11412720e+02, 6.35392212e+02, 7.09237793e+02, 6.08864258e+02,
    7.07116699e+02, 5.82174805e+02, 7.04923584e+02, 5.55112976e+02,
    7.46380737e+02, 7.38604736e+02, 7.44501465e+02, 7.12765991e+02,
    7.42664490e+02, 6.86740845e+02, 7.40543091e+02, 6.60504700e+02,
    7.38622375e+02, 6.34220703e+02, 7.36605957e+02, 6.07705750e+02,
    7.34456909e+02, 5.80922058e+02, 7.32590576e+02, 5.53962280e+02,
    7.73344727e+02, 7.37176086e+02, 7.71356689e+02, 7.11388611e+02,
    7.69598206e+02, 6.85467224e+02, 7.67662109e+02, 6.59196106e+02,
    7.65696167e+02, 6.32958679e+02, 7.63907288e+02, 6.06340332e+02,
    7.61779236e+02, 5.79608093e+02, 7.59950684e+02, 5.52524353e+02,
    8.00117554e+02, 7.35570740e+02, 7.98185608e+02, 7.10029968e+02,
    7.96463196e+02, 6.84016479e+02, 7.94729858e+02, 6.57982849e+02,
    7.92942810e+02, 6.31548523e+02, 7.91151428e+02, 6.05012451e+02,
    7.89410583e+02, 5.78173462e+02, 7.87487976e+02, 5.51059631e+02,
    8.26868408e+02, 7.34197327e+02, 8.25178772e+02, 7.08561401e+02,
    8.23529297e+02, 6.82663330e+02, 8.22055054e+02, 6.56563354e+02,
    8.20315857e+02, 6.30168945e+02, 8.18505127e+02, 6.03651855e+02,
    8.16948303e+02, 5.76938782e+02, 8.15301392e+02, 5.49899902e+02,
    8.53593201e+02, 7.32849548e+02, 8.52061890e+02, 7.07190857e+02,
    8.50432678e+02, 6.81454529e+02, 8.48949341e+02, 6.55204468e+02,
    8.47429321e+02, 6.28911072e+02, 8.45734253e+02, 6.02398010e+02,
    8.44255005e+02, 5.75642212e+02, 8.42859314e+02, 5.48747009e+02,
    8.80288574e+02, 7.31358704e+02, 8.79079163e+02, 7.05723633e+02,
    8.77414856e+02, 6.80006714e+02, 8.76006165e+02, 6.53893311e+02,
    8.74527954e+02, 6.27612549e+02, 8.73058960e+02, 6.01131287e+02,
    8.71552551e+02, 5.74326782e+02, 8.70127380e+02, 5.47284241e+02,
    9.07201721e+02, 7.29906799e+02, 9.05945801e+02, 7.04217529e+02,
    9.04593079e+02, 6.78431885e+02, 9.03158813e+02, 6.52350403e+02,
    9.01818970e+02, 6.26149109e+02, 9.00611389e+02, 5.99544739e+02,
    8.99201721e+02, 5.72795837e+02, 8.97902893e+02, 5.45885681e+02 ]
