%YAML:1.0
---
points: [ 7.71246460e+02, 6.97500610e+02, 7.75062500e+02, 6.71909546e+02,
    7.78638306e+02, 6.46480347e+02, 7.82265747e+02, 6.20972473e+02,
    7.85872620e+02, 5.95511902e+02, 7.89598816e+02, 5.69699341e+02,
    7.93181519e+02, 5.43972900e+02, 7.96812988e+02, 5.18103577e+02,
    7.97208374e+02, 7.00962402e+02, 8.01019287e+02, 6.75510498e+02,
    8.04652100e+02, 6.50073608e+02, 8.08251282e+02, 6.24483521e+02,
    8.12050537e+02, 5.98863525e+02, 8.15690186e+02, 5.73377930e+02,
    8.19168823e+02, 5.47601624e+02, 8.23054260e+02, 5.21840881e+02,
    8.23131531e+02, 7.04211060e+02, 8.26852051e+02, 6.79000488e+02,
    8.30414612e+02, 6.53603210e+02, 8.34008667e+02, 6.28198486e+02,
    8.37853394e+02, 6.02579285e+02, 8.41573669e+02, 5.76953552e+02,
    8.45217224e+02, 5.51253662e+02, 8.49054932e+02, 5.25510315e+02,
    8.48848267e+02, 7.07664429e+02, 8.52618042e+02, 6.82321411e+02,
    8.56109192e+02, 6.56993347e+02, 8.59778503e+02, 6.31684570e+02,
    8.63650146e+02, 6.06313660e+02, 8.67359253e+02, 5.80709229e+02,
    8.71007812e+02, 5.55006714e+02, 8.74989685e+02, 5.29339233e+02,
    8.74483948e+02, 7.11167480e+02, 8.78161072e+02, 6.85883972e+02,
    8.81767212e+02, 6.60583069e+02, 8.85651611e+02, 6.35251038e+02,
    8.89451477e+02, 6.09775085e+02, 8.93069275e+02, 5.84384216e+02,
    8.96961182e+02, 5.58830505e+02, 9.00854187e+02, 5.33194702e+02,
    9.00122009e+02, 7.14426514e+02, 9.03580994e+02, 6.89296692e+02,
    9.07371765e+02, 6.64176086e+02, 9.11294434e+02, 6.38919983e+02,
    9.15061768e+02, 6.13416077e+02, 9.18699341e+02, 5.87879944e+02,
    9.22679688e+02, 5.62382385e+02, 9.26475342e+02, 5.36820435e+02,
    9.25419983e+02, 7.17971741e+02, 9.29080444e+02, 6.92733887e+02,
    9.32906250e+02, 6.67585938e+02, 9.36760864e+02, 6.42522888e+02,
    9.40471130e+02, 6.17165955e+02, 9.44346558e+02, 5.91660583e+02,
    9.48410095e+02, 5.66185974e+02, 9.52338928e+02, 5.40541931e+02,
    9.50799622e+02, 7.21348328e+02, 9.54575256e+02, 6.96332336e+02,
    9.58607056e+02, 6.71261230e+02, 9.62424377e+02, 6.45958496e+02,
    9.66218384e+02, 6.20717773e+02, 9.70177551e+02, 5.95526611e+02,
    9.74136108e+02, 5.69975098e+02, 9.77956726e+02, 5.44368652e+02,
    9.76161133e+02, 7.24618469e+02, 9.80146240e+02, 6.99725037e+02,
    9.83920105e+02, 6.74834473e+02, 9.87806763e+02, 6.49610474e+02,
    9.91699219e+02, 6.24254944e+02, 9.95816711e+02, 5.98951660e+02,
    9.99602051e+02, 5.73609680e+02, 1.00352405e+03, 5.48101990e+02,
    1.00138965e+03, 7.28201782e+02, 1.00545209e+03, 7.03162170e+02,
    1.00929254e+03, 6.78128601e+02, 1.01312836e+03, 6.53248047e+02,
    1.01719165e+03, 6.28002380e+02, 1.02123022e+03, 6.02612122e+02,
    1.02517371e+03, 5.77140442e+02, 1.02905005e+03, 5.51575623e+02,
    1.02687598e+03, 7.31482605e+02, 1.03090247e+03, 7.06704224e+02,
    1.03468420e+03, 6.81661255e+02, 1.03877502e+03, 6.56596436e+02,
    1.04272058e+03, 6.31452148e+02, 1.04666321e+03, 6.06295593e+02,
    1.05061707e+03, 5.80928833e+02, 1.05474475e+03, 5.55392761e+02 ]
