%YAML:1.0
---
points: [ 8.72910767e+02, 6.93978088e+02, 8.75265015e+02, 6.64702271e+02,
    8.77537720e+02, 6.35185303e+02, 8.80047058e+02, 6.05674866e+02,
    8.82325256e+02, 5.75889099e+02, 8.84839478e+02, 5.45852295e+02,
    8.87256165e+02, 5.15768494e+02, 8.89775391e+02, 4.85478790e+02,
    9.02658020e+02, 6.95897949e+02, 9.05325806e+02, 6.66660583e+02,
    9.07581360e+02, 6.37437439e+02, 9.10255737e+02, 6.07969238e+02,
    9.12600708e+02, 5.78097839e+02, 9.15285706e+02, 5.48415283e+02,
    9.17655212e+02, 5.18342957e+02, 9.20325012e+02, 4.87792114e+02,
    9.32548340e+02, 6.97896667e+02, 9.34953308e+02, 6.68780884e+02,
    9.37576904e+02, 6.39569458e+02, 9.40107605e+02, 6.10056885e+02,
    9.42688354e+02, 5.80575073e+02, 9.45335083e+02, 5.50593689e+02,
    9.48016357e+02, 5.20623291e+02, 9.50536316e+02, 4.90466400e+02,
    9.62245300e+02, 6.99957092e+02, 9.64711731e+02, 6.70921753e+02,
    9.67425171e+02, 6.41610046e+02, 9.70004028e+02, 6.12390442e+02,
    9.72655701e+02, 5.82671082e+02, 9.75416138e+02, 5.53047913e+02,
    9.78254944e+02, 5.23243103e+02, 9.80952332e+02, 4.92682465e+02,
    9.91752563e+02, 7.02054504e+02, 9.94617737e+02, 6.72961670e+02,
    9.97247681e+02, 6.43942688e+02, 1.00005988e+03, 6.14534241e+02,
    1.00261023e+03, 5.85154968e+02, 1.00560486e+03, 5.55455261e+02,
    1.00836798e+03, 5.25435425e+02, 1.01144012e+03, 4.95361908e+02,
    1.02142950e+03, 7.04065002e+02, 1.02389044e+03, 6.75234375e+02,
    1.02688196e+03, 6.46129395e+02, 1.02959033e+03, 6.16957397e+02,
    1.03260938e+03, 5.87435974e+02, 1.03545093e+03, 5.57677979e+02,
    1.03851123e+03, 5.27766846e+02, 1.04146631e+03, 4.97624481e+02,
    1.05056812e+03, 7.06280151e+02, 1.05353967e+03, 6.77307983e+02,
    1.05649133e+03, 6.48482361e+02, 1.05945520e+03, 6.19309265e+02,
    1.06243042e+03, 5.89766174e+02, 1.06544727e+03, 5.60235718e+02,
    1.06864331e+03, 5.30274963e+02, 1.07155334e+03, 5.00123596e+02,
    1.08029236e+03, 7.08406982e+02, 1.08325305e+03, 6.79680542e+02,
    1.08626978e+03, 6.50570862e+02, 1.08946375e+03, 6.21664856e+02,
    1.09242188e+03, 5.92281616e+02, 1.09558459e+03, 5.62521851e+02,
    1.09875940e+03, 5.32693726e+02, 1.10183374e+03, 5.02585602e+02,
    1.10952283e+03, 7.10528931e+02, 1.11258459e+03, 6.81698486e+02,
    1.11591138e+03, 6.53063293e+02, 1.11894312e+03, 6.23777771e+02,
    1.12228137e+03, 5.94519653e+02, 1.12552014e+03, 5.64914612e+02,
    1.12867859e+03, 5.34983887e+02, 1.13215881e+03, 5.04881592e+02,
    1.13871228e+03, 7.12511353e+02, 1.14206909e+03, 6.83842468e+02,
    1.14523462e+03, 6.55130188e+02, 1.14860901e+03, 6.26110046e+02,
    1.15195239e+03, 5.96721680e+02, 1.15520129e+03, 5.67134033e+02,
    1.15864905e+03, 5.37499146e+02, 1.16192139e+03, 5.07382202e+02,
    1.16841211e+03, 7.14590271e+02, 1.17154504e+03, 6.86158997e+02,
    1.17497217e+03, 6.57196716e+02, 1.17838977e+03, 6.28355896e+02,
    1.18165747e+03, 5.98825439e+02, 1.18527173e+03, 5.69569336e+02,
    1.18874109e+03, 5.39689087e+02, 1.19221570e+03, 5.09586304e+02 ]
