%YAML:1.0
---
points: [ 5.08742981e+02, 7.80225281e+02, 4.94382385e+02, 7.54295288e+02,
    4.80048828e+02, 7.28129456e+02, 4.65504608e+02, 7.01848206e+02,
    4.50557648e+02, 6.75424805e+02, 4.35387177e+02, 6.48825134e+02,
    4.20071167e+02, 6.21991821e+02, 4.04451721e+02, 5.95106812e+02,
    5.34999268e+02, 7.68091309e+02, 5.20705933e+02, 7.41982483e+02,
    5.06305908e+02, 7.15747803e+02, 4.91725830e+02, 6.89514343e+02,
    4.76861115e+02, 6.62976135e+02, 4.61745178e+02, 6.36307678e+02,
    4.46384827e+02, 6.09395691e+02, 4.30838898e+02, 5.82224792e+02,
    5.61400757e+02, 7.55751953e+02, 5.47091492e+02, 7.29658752e+02,
    5.32688538e+02, 7.03426086e+02, 5.18149536e+02, 6.77081665e+02,
    5.03289734e+02, 6.50382568e+02, 4.88081696e+02, 6.23672119e+02,
    4.72827484e+02, 5.96584534e+02, 4.57427185e+02, 5.69286682e+02,
    5.87615112e+02, 7.43472168e+02, 5.73411377e+02, 7.17308594e+02,
    5.59178528e+02, 6.91104004e+02, 5.44517273e+02, 6.64510071e+02,
    5.29690369e+02, 6.37821777e+02, 5.14714478e+02, 6.10949463e+02,
    4.99459564e+02, 5.83885498e+02, 4.84142212e+02, 5.56494507e+02,
    6.14189392e+02, 7.31101929e+02, 5.99990479e+02, 7.04855591e+02,
    5.85673523e+02, 6.78494080e+02, 5.71131226e+02, 6.51936523e+02,
    5.56428162e+02, 6.25302185e+02, 5.41372742e+02, 5.98295410e+02,
    5.26312561e+02, 5.70934204e+02, 5.11006134e+02, 5.43460083e+02,
    6.40569946e+02, 7.18767639e+02, 6.26495728e+02, 6.92566833e+02,
    6.12257324e+02, 6.66184265e+02, 5.97656677e+02, 6.39469299e+02,
    5.83023743e+02, 6.12569153e+02, 5.68156555e+02, 5.85376831e+02,
    5.53049500e+02, 5.58089233e+02, 5.37965576e+02, 5.30512268e+02,
    6.67270081e+02, 7.06398315e+02, 6.53088013e+02, 6.80130920e+02,
    6.38728760e+02, 6.53581543e+02, 6.24388672e+02, 6.27041809e+02,
    6.09711914e+02, 5.99895325e+02, 5.95025452e+02, 5.72714111e+02,
    5.80235779e+02, 5.45202209e+02, 5.65268799e+02, 5.17402588e+02,
    6.93983032e+02, 6.94031250e+02, 6.79913635e+02, 6.67674194e+02,
    6.65637024e+02, 6.41208313e+02, 6.51383057e+02, 6.14324402e+02,
    6.36767273e+02, 5.87258301e+02, 6.22232056e+02, 5.59669495e+02,
    6.07450256e+02, 5.32070435e+02, 5.92612366e+02, 5.04146057e+02,
    7.20716736e+02, 6.81555054e+02, 7.06710876e+02, 6.55160339e+02,
    6.92566895e+02, 6.28455322e+02, 6.78314453e+02, 6.01486633e+02,
    6.63867371e+02, 5.74261169e+02, 6.49429504e+02, 5.46748535e+02,
    6.34757141e+02, 5.18989075e+02, 6.20030090e+02, 4.90744110e+02,
    7.47625244e+02, 6.68981201e+02, 7.33778931e+02, 6.42427734e+02,
    7.19668640e+02, 6.15650635e+02, 7.05487488e+02, 5.88708618e+02,
    6.91091919e+02, 5.61320557e+02, 6.76688965e+02, 5.33585266e+02,
    6.62212708e+02, 5.05597076e+02, 6.47508240e+02, 4.77589752e+02,
    7.74919556e+02, 6.56310913e+02, 7.61139709e+02, 6.29601440e+02,
    7.47232849e+02, 6.02576294e+02, 7.33158203e+02, 5.75503357e+02,
    7.18848755e+02, 5.48134949e+02, 7.04537170e+02, 5.20438416e+02,
    6.90143494e+02, 4.92395874e+02, 6.75517395e+02, 4.64074341e+02 ]
