%YAML:1.0
---
points: [ 4.06227234e+02, 7.65969299e+02, 3.92297913e+02, 7.40639954e+02,
    3.78196350e+02, 7.15114136e+02, 3.63767639e+02, 6.89401184e+02,
    3.49264954e+02, 6.63403564e+02, 3.34452301e+02, 6.37354065e+02,
    3.19388214e+02, 6.11149780e+02, 3.04145142e+02, 5.84581665e+02,
    4.31249512e+02, 7.54713196e+02, 4.17327118e+02, 7.29306885e+02,
    4.03235199e+02, 7.03631104e+02, 3.88917328e+02, 6.77758545e+02,
    3.74269897e+02, 6.51820435e+02, 3.59408844e+02, 6.25654968e+02,
    3.44393494e+02, 5.99358154e+02, 3.29133728e+02, 5.72759521e+02,
    4.56441223e+02, 7.43347351e+02, 4.42481903e+02, 7.17805725e+02,
    4.28355438e+02, 6.92223267e+02, 4.13923096e+02, 6.66399902e+02,
    3.99395325e+02, 6.40273193e+02, 3.84474640e+02, 6.14016602e+02,
    3.69535950e+02, 5.87537598e+02, 3.54277863e+02, 5.60689087e+02,
    4.81671631e+02, 7.32138000e+02, 4.67744263e+02, 7.06461365e+02,
    4.53547455e+02, 6.80642883e+02, 4.39270203e+02, 6.54697632e+02,
    4.24618683e+02, 6.28529480e+02, 4.09780945e+02, 6.02147034e+02,
    3.94816589e+02, 5.75585388e+02, 3.79612213e+02, 5.48645569e+02,
    5.07209045e+02, 7.20635193e+02, 4.93293823e+02, 6.94924133e+02,
    4.79058807e+02, 6.69122681e+02, 4.64652588e+02, 6.43145691e+02,
    4.50136871e+02, 6.16702087e+02, 4.35320129e+02, 5.90356262e+02,
    4.20373627e+02, 5.63574158e+02, 4.05367676e+02, 5.36468506e+02,
    5.32663940e+02, 7.09404968e+02, 5.18723755e+02, 6.83523682e+02,
    5.04521149e+02, 6.57589172e+02, 4.90324158e+02, 6.31464172e+02,
    4.75572113e+02, 6.05075806e+02, 4.61009186e+02, 5.78420715e+02,
    4.46137146e+02, 5.51539795e+02, 4.31204895e+02, 5.24399353e+02,
    5.58387146e+02, 6.97769409e+02, 5.44391907e+02, 6.72015991e+02,
    5.30257568e+02, 6.46153870e+02, 5.15862061e+02, 6.19803833e+02,
    5.01407166e+02, 5.93277832e+02, 4.86762207e+02, 5.66519653e+02,
    4.72101501e+02, 5.39462830e+02, 4.57251587e+02, 5.11828217e+02,
    5.84333069e+02, 6.86246521e+02, 5.70309692e+02, 6.60450928e+02,
    5.56188904e+02, 6.34394653e+02, 5.41941467e+02, 6.08032410e+02,
    5.27457336e+02, 5.81284241e+02, 5.13034790e+02, 5.54283325e+02,
    4.98408295e+02, 5.27116882e+02, 4.83693329e+02, 4.99580109e+02,
    6.10331726e+02, 6.74581726e+02, 5.96277466e+02, 6.48671570e+02,
    5.82282471e+02, 6.22485779e+02, 5.67974548e+02, 5.96180176e+02,
    5.53669617e+02, 5.69200439e+02, 5.39357056e+02, 5.42157288e+02,
    5.24689514e+02, 5.14803162e+02, 5.10219666e+02, 4.87128510e+02,
    6.36381531e+02, 6.62941772e+02, 6.22504028e+02, 6.36821594e+02,
    6.08524353e+02, 6.10546814e+02, 5.94412292e+02, 5.83976929e+02,
    5.80173462e+02, 5.57104309e+02, 5.65835083e+02, 5.29916565e+02,
    5.51332336e+02, 5.02337341e+02, 5.36763000e+02, 4.74517975e+02,
    6.62877808e+02, 6.51130249e+02, 6.49103821e+02, 6.24840637e+02,
    6.35374390e+02, 5.98502747e+02, 6.21252991e+02, 5.71750305e+02,
    6.07216919e+02, 5.44614380e+02, 5.92917297e+02, 5.17394470e+02,
    5.78515869e+02, 4.89641876e+02, 5.63809021e+02, 4.61749756e+02 ]
