%YAML:1.0
---
points: [ 5.03184845e+02, 6.66339783e+02, 5.06585205e+02, 6.39460632e+02,
    5.09956848e+02, 6.12663696e+02, 5.13279297e+02, 5.85855347e+02,
    5.16569519e+02, 5.58997131e+02, 5.19386475e+02, 5.32129395e+02,
    5.22530701e+02, 5.05107971e+02, 5.25445618e+02, 4.78190125e+02,
    5.30052185e+02, 6.69577637e+02, 5.33533569e+02, 6.42619568e+02,
    5.36940857e+02, 6.15736450e+02, 5.40120056e+02, 5.88856934e+02,
    5.43389709e+02, 5.62021179e+02, 5.46325012e+02, 5.35101379e+02,
    5.49374878e+02, 5.08311066e+02, 5.52344360e+02, 4.81381439e+02,
    5.57072083e+02, 6.72477783e+02, 5.60362244e+02, 6.45664246e+02,
    5.63697021e+02, 6.18882874e+02, 5.66803162e+02, 5.92117737e+02,
    5.70013367e+02, 5.65290649e+02, 5.73156677e+02, 5.38425842e+02,
    5.76167236e+02, 5.11513123e+02, 5.79349182e+02, 4.84530273e+02,
    5.83893860e+02, 6.75714783e+02, 5.86966614e+02, 6.48970337e+02,
    5.90523804e+02, 6.22254211e+02, 5.93655518e+02, 5.95408569e+02,
    5.96625427e+02, 5.68023804e+02, 5.99958435e+02, 5.41244385e+02,
    6.02794312e+02, 5.14476440e+02, 6.06039429e+02, 4.87578796e+02,
    6.10862732e+02, 6.78848572e+02, 6.13913757e+02, 6.51973877e+02,
    6.17193726e+02, 6.24927063e+02, 6.20498047e+02, 5.98312561e+02,
    6.23734375e+02, 5.71413940e+02, 6.26673279e+02, 5.44618530e+02,
    6.29646729e+02, 5.17701416e+02, 6.32856262e+02, 4.90769257e+02,
    6.37630005e+02, 6.82066650e+02, 6.40669250e+02, 6.55225586e+02,
    6.43968140e+02, 6.28453369e+02, 6.47203308e+02, 6.01498108e+02,
    6.50216187e+02, 5.74623962e+02, 6.53479126e+02, 5.47713379e+02,
    6.56411804e+02, 5.20687317e+02, 6.59603699e+02, 4.93724457e+02,
    6.64324890e+02, 6.85327637e+02, 6.67373047e+02, 6.58437256e+02,
    6.70495422e+02, 6.31432312e+02, 6.73869873e+02, 6.04740906e+02,
    6.76975098e+02, 5.77509949e+02, 6.80171814e+02, 5.50726196e+02,
    6.83304810e+02, 5.23955322e+02, 6.86453613e+02, 4.97127167e+02,
    6.91239014e+02, 6.88436035e+02, 6.94346985e+02, 6.61550171e+02,
    6.97470825e+02, 6.34667725e+02, 7.00645447e+02, 6.07749451e+02,
    7.03716187e+02, 5.80894714e+02, 7.07118164e+02, 5.54117859e+02,
    7.10289246e+02, 5.27154846e+02, 7.13350830e+02, 5.00107208e+02,
    7.17972900e+02, 6.91639404e+02, 7.21252441e+02, 6.64861389e+02,
    7.24199829e+02, 6.38048401e+02, 7.27523132e+02, 6.11187744e+02,
    7.30619995e+02, 5.84128662e+02, 7.33623535e+02, 5.57044983e+02,
    7.37129822e+02, 5.30138916e+02, 7.40288818e+02, 5.03228149e+02,
    7.44819946e+02, 6.94793152e+02, 7.48147156e+02, 6.67844177e+02,
    7.51223999e+02, 6.40918884e+02, 7.54424438e+02, 6.14143799e+02,
    7.57540222e+02, 5.87275208e+02, 7.60608521e+02, 5.60297852e+02,
    7.64088989e+02, 5.33423096e+02, 7.67094971e+02, 5.06415070e+02,
    7.72162598e+02, 6.97801880e+02, 7.75289856e+02, 6.71115723e+02,
    7.78372192e+02, 6.44380493e+02, 7.81437317e+02, 6.17453613e+02,
    7.84747070e+02, 5.90476196e+02, 7.87814941e+02, 5.63388733e+02,
    7.91176697e+02, 5.36524780e+02, 7.94518799e+02, 5.09484039e+02 ]
