%YAML:1.0
---
points: [ 5.96428711e+02, 6.94955566e+02, 5.98457397e+02, 6.68675598e+02,
    6.00824829e+02, 6.42530945e+02, 6.02703979e+02, 6.16576660e+02,
    6.04696777e+02, 5.90182373e+02, 6.06498169e+02, 5.64264343e+02,
    6.08260681e+02, 5.37987976e+02, 6.10136536e+02, 5.11818787e+02,
    6.22920593e+02, 6.96600586e+02, 6.24880432e+02, 6.70386414e+02,
    6.27168030e+02, 6.44305054e+02, 6.29060364e+02, 6.18083191e+02,
    6.31095947e+02, 5.91901611e+02, 6.32873596e+02, 5.65945679e+02,
    6.34609497e+02, 5.39606567e+02, 6.36492493e+02, 5.13500793e+02,
    6.49478455e+02, 6.98112183e+02, 6.51465271e+02, 6.71851257e+02,
    6.53527771e+02, 6.45777710e+02, 6.55390320e+02, 6.19694824e+02,
    6.57299805e+02, 5.93530579e+02, 6.59207275e+02, 5.67506958e+02,
    6.60917542e+02, 5.41331055e+02, 6.62791687e+02, 5.15321167e+02,
    6.75763672e+02, 6.99841309e+02, 6.77580322e+02, 6.73697388e+02,
    6.79770203e+02, 6.47559692e+02, 6.81579102e+02, 6.21491211e+02,
    6.83488647e+02, 5.95502441e+02, 6.85483337e+02, 5.69364929e+02,
    6.87043823e+02, 5.43228394e+02, 6.89004028e+02, 5.17187195e+02,
    7.02160278e+02, 7.01535278e+02, 7.03923828e+02, 6.75360535e+02,
    7.06069214e+02, 6.49297058e+02, 7.07821289e+02, 6.23151184e+02,
    7.09700684e+02, 5.97093079e+02, 7.11569763e+02, 5.71033081e+02,
    7.13296753e+02, 5.44918030e+02, 7.15237549e+02, 5.18785461e+02,
    7.28320801e+02, 7.03201965e+02, 7.30222229e+02, 6.76961548e+02,
    7.32121338e+02, 6.50807495e+02, 7.33867920e+02, 6.24783142e+02,
    7.35820557e+02, 5.98659302e+02, 7.37639343e+02, 5.72692017e+02,
    7.39369812e+02, 5.46526794e+02, 7.41268799e+02, 5.20516785e+02,
    7.54518860e+02, 7.04738647e+02, 7.56259705e+02, 6.78666016e+02,
    7.58174805e+02, 6.52708191e+02, 7.59876953e+02, 6.26514465e+02,
    7.61719543e+02, 6.00523560e+02, 7.63748657e+02, 5.74526489e+02,
    7.65520325e+02, 5.48511292e+02, 7.67512756e+02, 5.22469910e+02,
    7.80816284e+02, 7.06602234e+02, 7.82497375e+02, 6.80536621e+02,
    7.84460449e+02, 6.54500061e+02, 7.86246826e+02, 6.28335938e+02,
    7.88064697e+02, 6.02283691e+02, 7.90099915e+02, 5.76233887e+02,
    7.91831116e+02, 5.50235046e+02, 7.93704956e+02, 5.24109741e+02,
    8.06887512e+02, 7.08129639e+02, 8.08696960e+02, 6.82046021e+02,
    8.10634705e+02, 6.55983887e+02, 8.12349243e+02, 6.29925903e+02,
    8.14242737e+02, 6.03893982e+02, 8.16175903e+02, 5.77799683e+02,
    8.17872192e+02, 5.51782776e+02, 8.19757080e+02, 5.25782654e+02,
    8.32941406e+02, 7.09749146e+02, 8.34733215e+02, 6.83752930e+02,
    8.36738037e+02, 6.57713196e+02, 8.38522705e+02, 6.31864258e+02,
    8.40300598e+02, 6.05663452e+02, 8.42319336e+02, 5.79706055e+02,
    8.44044922e+02, 5.53685303e+02, 8.45852112e+02, 5.27664978e+02,
    8.59493286e+02, 7.11609863e+02, 8.61181458e+02, 6.85512024e+02,
    8.63229431e+02, 6.59545044e+02, 8.64980408e+02, 6.33509705e+02,
    8.66567810e+02, 6.07443848e+02, 8.68577271e+02, 5.81336426e+02,
    8.70373840e+02, 5.55369385e+02, 8.72312683e+02, 5.29361816e+02 ]
