%YAML:1.0
---
points: [ 7.11164612e+02, 7.19400024e+02, 7.12351257e+02, 6.93760132e+02,
    7.13643860e+02, 6.67981140e+02, 7.15053345e+02, 6.42403137e+02,
    7.16319458e+02, 6.16640442e+02, 7.17410461e+02, 5.90917786e+02,
    7.18525513e+02, 5.64885132e+02, 7.19776367e+02, 5.39060852e+02,
    7.37348511e+02, 7.20332520e+02, 7.38573120e+02, 6.94763916e+02,
    7.39853394e+02, 6.69117065e+02, 7.41251648e+02, 6.43552307e+02,
    7.42549683e+02, 6.17781433e+02, 7.43711548e+02, 5.91990417e+02,
    7.44857971e+02, 5.66072754e+02, 7.46045532e+02, 5.40169678e+02,
    7.63483459e+02, 7.21353882e+02, 7.64758972e+02, 6.95788086e+02,
    7.65881958e+02, 6.70220215e+02, 7.67158875e+02, 6.44627686e+02,
    7.68630798e+02, 6.18793701e+02, 7.69876831e+02, 5.93052856e+02,
    7.70894531e+02, 5.67363586e+02, 7.72146606e+02, 5.41498962e+02,
    7.89347717e+02, 7.22366699e+02, 7.90622070e+02, 6.96787354e+02,
    7.91934265e+02, 6.71252441e+02, 7.93243042e+02, 6.45671143e+02,
    7.94583679e+02, 6.19932129e+02, 7.95829834e+02, 5.94365784e+02,
    7.96994873e+02, 5.68757080e+02, 7.98190247e+02, 5.42921082e+02,
    8.15336670e+02, 7.23242432e+02, 8.16609863e+02, 6.97706421e+02,
    8.17882690e+02, 6.72157532e+02, 8.19102844e+02, 6.46785217e+02,
    8.20600220e+02, 6.21249023e+02, 8.21712830e+02, 5.95736694e+02,
    8.22943237e+02, 5.69961975e+02, 8.24144653e+02, 5.44284485e+02,
    8.40924927e+02, 7.24179138e+02, 8.42383118e+02, 6.98715088e+02,
    8.43571289e+02, 6.73402222e+02, 8.44785034e+02, 6.48018188e+02,
    8.46163757e+02, 6.22452454e+02, 8.47545105e+02, 5.96857239e+02,
    8.48788574e+02, 5.71158569e+02, 8.50015930e+02, 5.45490662e+02,
    8.66480347e+02, 7.25146118e+02, 8.67970276e+02, 6.99935059e+02,
    8.69301514e+02, 6.74642456e+02, 8.70501770e+02, 6.49207092e+02,
    8.71720642e+02, 6.23554565e+02, 8.73206421e+02, 5.97997986e+02,
    8.74635315e+02, 5.72464172e+02, 8.76015137e+02, 5.46766235e+02,
    8.92135071e+02, 7.26264832e+02, 8.93563965e+02, 7.01048462e+02,
    8.95069702e+02, 6.75701599e+02, 8.96393738e+02, 6.50269836e+02,
    8.97694519e+02, 6.24740601e+02, 8.99072571e+02, 5.99299438e+02,
    9.00514526e+02, 5.73762268e+02, 9.01766785e+02, 5.48154053e+02,
    9.17759766e+02, 7.27306091e+02, 9.19145874e+02, 7.02052734e+02,
    9.20578735e+02, 6.76733521e+02, 9.21967041e+02, 6.51398132e+02,
    9.23364929e+02, 6.26025330e+02, 9.24752014e+02, 6.00618835e+02,
    9.26173889e+02, 5.74898560e+02, 9.27520752e+02, 5.49472595e+02,
    9.43276306e+02, 7.28289062e+02, 9.44601990e+02, 7.02989868e+02,
    9.45977417e+02, 6.77804260e+02, 9.47550232e+02, 6.52591064e+02,
    9.48908997e+02, 6.27190857e+02, 9.50174011e+02, 6.01674500e+02,
    9.51680725e+02, 5.76210510e+02, 9.53114319e+02, 5.50697266e+02,
    9.69042480e+02, 7.29275024e+02, 9.70256897e+02, 7.03981689e+02,
    9.71612061e+02, 6.79006836e+02, 9.73145813e+02, 6.53728333e+02,
    9.74474365e+02, 6.28361511e+02, 9.75876892e+02, 6.02913757e+02,
    9.77417053e+02, 5.77404724e+02, 9.78949402e+02, 5.51919373e+02 ]
