%YAML:1.0
---
points: [ 7.04993835e+02, 7.13235962e+02, 7.03571167e+02, 6.89171387e+02,
    7.02395447e+02, 6.65006104e+02, 7.01316711e+02, 6.40226440e+02,
    6.99991333e+02, 6.15320679e+02, 6.98534119e+02, 5.90208984e+02,
    6.97284851e+02, 5.64710938e+02, 6.95937317e+02, 5.38685486e+02,
    7.31727051e+02, 7.11372131e+02, 7.30726196e+02, 6.87427368e+02,
    7.29573425e+02, 6.63379028e+02, 7.28571716e+02, 6.38886902e+02,
    7.27625305e+02, 6.14002808e+02, 7.26536987e+02, 5.89004395e+02,
    7.25288513e+02, 5.63630249e+02, 7.24124390e+02, 5.37771667e+02,
    7.58202637e+02, 7.09408752e+02, 7.57275085e+02, 6.85868103e+02,
    7.56469299e+02, 6.61759460e+02, 7.55604492e+02, 6.37606384e+02,
    7.54882385e+02, 6.12875549e+02, 7.53935364e+02, 5.87929688e+02,
    7.53071228e+02, 5.62627319e+02, 7.52111755e+02, 5.36932495e+02,
    7.84358276e+02, 7.07734680e+02, 7.83693726e+02, 6.84276367e+02,
    7.83080872e+02, 6.60297119e+02, 7.82325684e+02, 6.36172485e+02,
    7.81664795e+02, 6.11763611e+02, 7.81108765e+02, 5.86829041e+02,
    7.80469482e+02, 5.61645874e+02, 7.79871643e+02, 5.36012939e+02,
    8.10473328e+02, 7.06098083e+02, 8.09991455e+02, 6.82494019e+02,
    8.09473755e+02, 6.58942017e+02, 8.08938965e+02, 6.34903748e+02,
    8.08519897e+02, 6.10632568e+02, 8.08041321e+02, 5.85981873e+02,
    8.07608704e+02, 5.60757935e+02, 8.07149780e+02, 5.35166260e+02,
    8.36101929e+02, 7.04248047e+02, 8.35745850e+02, 6.81144714e+02,
    8.35566589e+02, 6.57511047e+02, 8.35307678e+02, 6.33671082e+02,
    8.35015076e+02, 6.09419006e+02, 8.34671143e+02, 5.84958496e+02,
    8.34477783e+02, 5.59879395e+02, 8.34257690e+02, 5.34284790e+02,
    8.61453186e+02, 7.02720520e+02, 8.61415283e+02, 6.79825317e+02,
    8.61339233e+02, 6.56341003e+02, 8.61365906e+02, 6.32696289e+02,
    8.61331787e+02, 6.08362732e+02, 8.61334473e+02, 5.83953430e+02,
    8.61310730e+02, 5.59103394e+02, 8.61305115e+02, 5.33592407e+02,
    8.86751404e+02, 7.01275330e+02, 8.86985901e+02, 6.78355164e+02,
    8.87204956e+02, 6.55081238e+02, 8.87388672e+02, 6.31460083e+02,
    8.87597534e+02, 6.07469482e+02, 8.87783569e+02, 5.82825562e+02,
    8.88058105e+02, 5.58069092e+02, 8.88169861e+02, 5.32726746e+02,
    9.12016724e+02, 6.99685486e+02, 9.12378784e+02, 6.76971191e+02,
    9.12718445e+02, 6.53853699e+02, 9.13122986e+02, 6.30171570e+02,
    9.13499573e+02, 6.06363892e+02, 9.13860779e+02, 5.81838379e+02,
    9.14258118e+02, 5.57125183e+02, 9.14679077e+02, 5.31958191e+02,
    9.36953918e+02, 6.97993713e+02, 9.37492065e+02, 6.75440002e+02,
    9.38055481e+02, 6.52286926e+02, 9.38668091e+02, 6.28943848e+02,
    9.39059204e+02, 6.05049011e+02, 9.39685181e+02, 5.80922913e+02,
    9.40251892e+02, 5.56025146e+02, 9.40707214e+02, 5.30913696e+02,
    9.61819336e+02, 6.96650696e+02, 9.62542725e+02, 6.73968567e+02,
    9.63336670e+02, 6.50922180e+02, 9.64114807e+02, 6.27705505e+02,
    9.64774170e+02, 6.03739624e+02, 9.65445007e+02, 5.79659668e+02,
    9.66209717e+02, 5.55083252e+02, 9.67126465e+02, 5.30084900e+02 ]
