%YAML:1.0
---
points: [ 8.30717712e+02, 6.86968872e+02, 8.31768188e+02, 6.61814880e+02,
    8.32730835e+02, 6.36883423e+02, 8.33739563e+02, 6.11639282e+02,
    8.34754761e+02, 5.86373291e+02, 8.36086609e+02, 5.60811096e+02,
    8.37272583e+02, 5.35206665e+02, 8.38421448e+02, 5.09254730e+02,
    8.55630798e+02, 6.86326599e+02, 8.56730774e+02, 6.61385376e+02,
    8.57923340e+02, 6.36553284e+02, 8.59035461e+02, 6.11561340e+02,
    8.60102661e+02, 5.86397095e+02, 8.61350647e+02, 5.61082458e+02,
    8.62735046e+02, 5.35611633e+02, 8.64025146e+02, 5.10008240e+02,
    8.80331787e+02, 6.85642639e+02, 8.81409180e+02, 6.60917297e+02,
    8.82520081e+02, 6.36233032e+02, 8.83811096e+02, 6.11548523e+02,
    8.85174011e+02, 5.86450256e+02, 8.86342590e+02, 5.61305786e+02,
    8.87662292e+02, 5.36061523e+02, 8.89125671e+02, 5.10655273e+02,
    9.04655212e+02, 6.85021118e+02, 9.05763367e+02, 6.60502380e+02,
    9.07028687e+02, 6.35946106e+02, 9.08243042e+02, 6.11453674e+02,
    9.09643860e+02, 5.86529663e+02, 9.11060486e+02, 5.61577698e+02,
    9.12355164e+02, 5.36648254e+02, 9.13695618e+02, 5.11433044e+02,
    9.28528625e+02, 6.84229736e+02, 9.29848267e+02, 6.60155273e+02,
    9.31261108e+02, 6.35641418e+02, 9.32517273e+02, 6.11406738e+02,
    9.33834534e+02, 5.86650879e+02, 9.35310059e+02, 5.61987305e+02,
    9.36901306e+02, 5.37223022e+02, 9.38337463e+02, 5.12024414e+02,
    9.52284912e+02, 6.83654358e+02, 9.53613831e+02, 6.59685303e+02,
    9.54917847e+02, 6.35447205e+02, 9.56358276e+02, 6.11380310e+02,
    9.57832458e+02, 5.86739258e+02, 9.59326782e+02, 5.62262207e+02,
    9.60799011e+02, 5.37570984e+02, 9.62364502e+02, 5.12606140e+02,
    9.75512817e+02, 6.83090637e+02, 9.76916504e+02, 6.59419983e+02,
    9.78575134e+02, 6.35327515e+02, 9.80040588e+02, 6.11432983e+02,
    9.81483337e+02, 5.87035278e+02, 9.83012695e+02, 5.62563416e+02,
    9.84679871e+02, 5.38088989e+02, 9.86208740e+02, 5.13248657e+02,
    9.98607300e+02, 6.82559204e+02, 1.00035907e+03, 6.58993042e+02,
    1.00183472e+03, 6.35214966e+02, 1.00342126e+03, 6.11446716e+02,
    1.00518927e+03, 5.87269592e+02, 1.00669159e+03, 5.62855408e+02,
    1.00818494e+03, 5.38536133e+02, 1.00987891e+03, 5.13735107e+02,
    1.02154565e+03, 6.82074890e+02, 1.02303137e+03, 6.58632263e+02,
    1.02474609e+03, 6.34966248e+02, 1.02654419e+03, 6.11439392e+02,
    1.02815515e+03, 5.87365784e+02, 1.02979944e+03, 5.63104370e+02,
    1.03157153e+03, 5.38878357e+02, 1.03302478e+03, 5.14267395e+02,
    1.04383435e+03, 6.81523254e+02, 1.04552209e+03, 6.58316101e+02,
    1.04742603e+03, 6.34707092e+02, 1.04910754e+03, 6.11317200e+02,
    1.05076453e+03, 5.87394592e+02, 1.05258972e+03, 5.63418274e+02,
    1.05423193e+03, 5.39306946e+02, 1.05579065e+03, 5.14895752e+02,
    1.06636023e+03, 6.81002258e+02, 1.06814734e+03, 6.57851746e+02,
    1.06974756e+03, 6.34484558e+02, 1.07146228e+03, 6.11241272e+02,
    1.07342200e+03, 5.87483643e+02, 1.07506079e+03, 5.63661926e+02,
    1.07677014e+03, 5.39612610e+02, 1.07880103e+03, 5.15521545e+02 ]
