%YAML:1.0
---
points: [ 6.84046204e+02, 6.15313843e+02, 6.84657837e+02, 5.86278198e+02,
    6.85304016e+02, 5.56864929e+02, 6.85826965e+02, 5.27559937e+02,
    6.86302551e+02, 4.97947449e+02, 6.86701599e+02, 4.68106567e+02,
    6.87264343e+02, 4.38211639e+02, 6.87632690e+02, 4.07924072e+02,
    7.14130249e+02, 6.16046448e+02, 7.14871216e+02, 5.86753418e+02,
    7.15553162e+02, 5.57684265e+02, 7.16205994e+02, 5.28474304e+02,
    7.16752441e+02, 4.98955017e+02, 7.17348877e+02, 4.69309662e+02,
    7.17868896e+02, 4.39471252e+02, 7.18331482e+02, 4.09267395e+02,
    7.44066223e+02, 6.16493835e+02, 7.44694824e+02, 5.87519836e+02,
    7.45338074e+02, 5.58560791e+02, 7.46139648e+02, 5.29316406e+02,
    7.46860229e+02, 5.00050781e+02, 7.47524597e+02, 4.70492920e+02,
    7.48149292e+02, 4.40638245e+02, 7.48735046e+02, 4.10830322e+02,
    7.73630859e+02, 6.17014893e+02, 7.74432556e+02, 5.88241272e+02,
    7.75159363e+02, 5.59355103e+02, 7.75852722e+02, 5.30222778e+02,
    7.76578735e+02, 5.01084412e+02, 7.77312134e+02, 4.71579010e+02,
    7.78069580e+02, 4.41906982e+02, 7.78852905e+02, 4.12207001e+02,
    8.03084717e+02, 6.17622620e+02, 8.03841431e+02, 5.88891724e+02,
    8.04713684e+02, 5.60158936e+02, 8.05575562e+02, 5.31137268e+02,
    8.06302368e+02, 5.02128693e+02, 8.07112732e+02, 4.72645355e+02,
    8.07826294e+02, 4.43264771e+02, 8.08643860e+02, 4.13441010e+02,
    8.32235107e+02, 6.18241516e+02, 8.33015076e+02, 5.89619995e+02,
    8.33811523e+02, 5.60879211e+02, 8.34696655e+02, 5.32142761e+02,
    8.35642090e+02, 5.02985626e+02, 8.36637146e+02, 4.73833099e+02,
    8.37458923e+02, 4.44463165e+02, 8.38324097e+02, 4.14745972e+02,
    8.60974915e+02, 6.18706970e+02, 8.61907104e+02, 5.90461304e+02,
    8.63073975e+02, 5.61697815e+02, 8.63948608e+02, 5.33036255e+02,
    8.64989868e+02, 5.03929810e+02, 8.65840759e+02, 4.75100220e+02,
    8.66786255e+02, 4.45627045e+02, 8.68045532e+02, 4.16186035e+02,
    8.90011292e+02, 6.19363464e+02, 8.90943665e+02, 5.91178284e+02,
    8.92027527e+02, 5.62611084e+02, 8.93067749e+02, 5.33983276e+02,
    8.94253662e+02, 5.05195190e+02, 8.95312622e+02, 4.76098083e+02,
    8.96359375e+02, 4.46781647e+02, 8.97324280e+02, 4.17556793e+02,
    9.18495789e+02, 6.19875793e+02, 9.19644043e+02, 5.91700623e+02,
    9.20775146e+02, 5.63398193e+02, 9.22031799e+02, 5.34810852e+02,
    9.23129883e+02, 5.06091675e+02, 9.24159546e+02, 4.77083130e+02,
    9.25413391e+02, 4.48084595e+02, 9.26649902e+02, 4.18706329e+02,
    9.46907043e+02, 6.20425415e+02, 9.48175232e+02, 5.92392090e+02,
    9.49250977e+02, 5.64182129e+02, 9.50432983e+02, 5.35644287e+02,
    9.51830139e+02, 5.07084534e+02, 9.53030945e+02, 4.78151978e+02,
    9.54193787e+02, 4.49270111e+02, 9.55357727e+02, 4.19963928e+02,
    9.75378479e+02, 6.21128723e+02, 9.76576721e+02, 5.92955078e+02,
    9.77903381e+02, 5.64935974e+02, 9.79273499e+02, 5.36626587e+02,
    9.80532471e+02, 5.07962463e+02, 9.81802368e+02, 4.79218872e+02,
    9.83131714e+02, 4.50307343e+02, 9.84601501e+02, 4.21224884e+02 ]
