%YAML:1.0
---
points: [ 8.34591797e+02, 6.07473572e+02, 8.34693604e+02, 5.78628113e+02,
    8.34880676e+02, 5.49798096e+02, 8.34993042e+02, 5.20828918e+02,
    8.35150085e+02, 4.91743134e+02, 8.35342712e+02, 4.62443207e+02,
    8.35469971e+02, 4.33076752e+02, 8.35552795e+02, 4.03322876e+02,
    8.63753113e+02, 6.07129578e+02, 8.63873657e+02, 5.78387695e+02,
    8.64148499e+02, 5.49752808e+02, 8.64323547e+02, 5.20968323e+02,
    8.64505371e+02, 4.92025391e+02, 8.64640015e+02, 4.62772797e+02,
    8.64795532e+02, 4.33506104e+02, 8.65071777e+02, 4.03912384e+02,
    8.92325378e+02, 6.06755920e+02, 8.92540771e+02, 5.78261475e+02,
    8.92814514e+02, 5.49713684e+02, 8.93076538e+02, 5.21113953e+02,
    8.93273376e+02, 4.92216858e+02, 8.93595520e+02, 4.63187134e+02,
    8.93938721e+02, 4.33906250e+02, 8.94349365e+02, 4.04437561e+02,
    9.20823792e+02, 6.06544189e+02, 9.21174011e+02, 5.78131531e+02,
    9.21467468e+02, 5.49745117e+02, 9.21735779e+02, 5.21218994e+02,
    9.22154785e+02, 4.92418243e+02, 9.22410522e+02, 4.63500061e+02,
    9.22738098e+02, 4.34393433e+02, 9.23195801e+02, 4.05093842e+02,
    9.49162476e+02, 6.06301819e+02, 9.49402588e+02, 5.77893372e+02,
    9.49738525e+02, 5.49700928e+02, 9.50180359e+02, 5.21290466e+02,
    9.50468323e+02, 4.92534668e+02, 9.50905334e+02, 4.63822205e+02,
    9.51462769e+02, 4.34668335e+02, 9.51932678e+02, 4.05667023e+02,
    9.77069275e+02, 6.06091553e+02, 9.77549561e+02, 5.77797546e+02,
    9.77822144e+02, 5.49690491e+02, 9.78425598e+02, 5.21442078e+02,
    9.78944153e+02, 4.92700531e+02, 9.79371338e+02, 4.64175995e+02,
    9.79856140e+02, 4.35109802e+02, 9.80305969e+02, 4.06219543e+02,
    1.00493207e+03, 6.05865784e+02, 1.00547931e+03, 5.77725586e+02,
    1.00597559e+03, 5.49707947e+02, 1.00645294e+03, 5.21581360e+02,
    1.00707458e+03, 4.92918579e+02, 1.00755615e+03, 4.64484741e+02,
    1.00812244e+03, 4.35462341e+02, 1.00873621e+03, 4.06631714e+02,
    1.03263098e+03, 6.05597961e+02, 1.03327637e+03, 5.77630493e+02,
    1.03387158e+03, 5.49749878e+02, 1.03449841e+03, 5.21720398e+02,
    1.03517651e+03, 4.93212463e+02, 1.03583008e+03, 4.64805511e+02,
    1.03661499e+03, 4.36001587e+02, 1.03723376e+03, 4.07258026e+02,
    1.06015161e+03, 6.05288208e+02, 1.06071655e+03, 5.77587708e+02,
    1.06158008e+03, 5.49719666e+02, 1.06232849e+03, 5.21753296e+02,
    1.06310803e+03, 4.93380981e+02, 1.06373547e+03, 4.64982086e+02,
    1.06436108e+03, 4.36519409e+02, 1.06527966e+03, 4.07498749e+02,
    1.08727942e+03, 6.05074402e+02, 1.08812378e+03, 5.77437683e+02,
    1.08897375e+03, 5.49668823e+02, 1.08980774e+03, 5.21871277e+02,
    1.09054846e+03, 4.93481964e+02, 1.09123743e+03, 4.65353882e+02,
    1.09212744e+03, 4.36759796e+02, 1.09273425e+03, 4.08051849e+02,
    1.11477112e+03, 6.04841064e+02, 1.11563953e+03, 5.77298035e+02,
    1.11645447e+03, 5.49638733e+02, 1.11727234e+03, 5.21941650e+02,
    1.11792151e+03, 4.93650665e+02, 1.11873328e+03, 4.65562683e+02,
    1.11976782e+03, 4.37134460e+02, 1.12069165e+03, 4.08523712e+02 ]
