%YAML:1.0
---
points: [ 7.37869690e+02, 7.23889282e+02, 7.36587341e+02, 6.98169983e+02,
    7.35197083e+02, 6.72431335e+02, 7.33835388e+02, 6.46646301e+02,
    7.32666931e+02, 6.20813293e+02, 7.31243225e+02, 5.94823792e+02,
    7.29608582e+02, 5.68765564e+02, 7.28181824e+02, 5.42560852e+02,
    7.64164001e+02, 7.22581116e+02, 7.62962036e+02, 6.96922180e+02,
    7.61575745e+02, 6.71178772e+02, 7.60280884e+02, 6.45485718e+02,
    7.58975525e+02, 6.19631836e+02, 7.57723450e+02, 5.93645386e+02,
    7.56220520e+02, 5.67572754e+02, 7.54773438e+02, 5.41258423e+02,
    7.90410217e+02, 7.21217163e+02, 7.89170898e+02, 6.95682495e+02,
    7.87786499e+02, 6.70119202e+02, 7.86565674e+02, 6.44381531e+02,
    7.85303162e+02, 6.18405579e+02, 7.83920898e+02, 5.92523499e+02,
    7.82517334e+02, 5.66446350e+02, 7.81252563e+02, 5.40291199e+02,
    8.16392334e+02, 7.19806885e+02, 8.15171448e+02, 6.94364319e+02,
    8.13823669e+02, 6.68908081e+02, 8.12736755e+02, 6.43159485e+02,
    8.11510071e+02, 6.17356873e+02, 8.10350891e+02, 5.91432007e+02,
    8.08855408e+02, 5.65506897e+02, 8.07598999e+02, 5.39223389e+02,
    8.42595825e+02, 7.18550598e+02, 8.41341125e+02, 6.93046143e+02,
    8.40033447e+02, 6.67522400e+02, 8.38872559e+02, 6.41911682e+02,
    8.37793640e+02, 6.16236877e+02, 8.36571167e+02, 5.90326050e+02,
    8.35271423e+02, 5.64365234e+02, 8.34043213e+02, 5.38288391e+02,
    8.68394775e+02, 7.17387878e+02, 8.67231689e+02, 6.91975342e+02,
    8.66026672e+02, 6.66417053e+02, 8.64969055e+02, 6.40802612e+02,
    8.63893250e+02, 6.14955505e+02, 8.62670166e+02, 5.89212341e+02,
    8.61414490e+02, 5.63104797e+02, 8.60270386e+02, 5.37235229e+02,
    8.94207886e+02, 7.16196350e+02, 8.93028076e+02, 6.90851013e+02,
    8.91937500e+02, 6.65355896e+02, 8.90988647e+02, 6.39767151e+02,
    8.90022461e+02, 6.13843872e+02, 8.88899170e+02, 5.88056519e+02,
    8.87799866e+02, 5.62165039e+02, 8.86705688e+02, 5.35909973e+02,
    9.20186829e+02, 7.14901733e+02, 9.19083618e+02, 6.89628357e+02,
    9.18196594e+02, 6.64254700e+02, 9.17179749e+02, 6.38692566e+02,
    9.16233948e+02, 6.12927368e+02, 9.15215881e+02, 5.87056335e+02,
    9.14098572e+02, 5.61044800e+02, 9.13159363e+02, 5.34885071e+02,
    9.45982178e+02, 7.13703613e+02, 9.45018005e+02, 6.88355713e+02,
    9.44120789e+02, 6.63007446e+02, 9.43328125e+02, 6.37570862e+02,
    9.42241455e+02, 6.11804993e+02, 9.41251160e+02, 5.85955994e+02,
    9.40246033e+02, 5.59970520e+02, 9.39268982e+02, 5.33902039e+02,
    9.71725647e+02, 7.12500854e+02, 9.70866089e+02, 6.87137573e+02,
    9.70036011e+02, 6.61756653e+02, 9.69216492e+02, 6.36319092e+02,
    9.68341797e+02, 6.10638855e+02, 9.67340759e+02, 5.84833191e+02,
    9.66335083e+02, 5.58931213e+02, 9.65517761e+02, 5.32750427e+02,
    9.97774536e+02, 7.11322815e+02, 9.97008911e+02, 6.86002075e+02,
    9.96196167e+02, 6.60593384e+02, 9.95399292e+02, 6.35028809e+02,
    9.94568237e+02, 6.09367615e+02, 9.93702393e+02, 5.83609131e+02,
    9.92771729e+02, 5.57731445e+02, 9.92005676e+02, 5.31767090e+02 ]
