%YAML:1.0
---
points: [ 6.69754456e+02, 7.61224915e+02, 6.58679504e+02, 7.38827454e+02,
    6.47551575e+02, 7.16406128e+02, 6.36428162e+02, 6.94183655e+02,
    6.25072571e+02, 6.71496460e+02, 6.13506653e+02, 6.48875366e+02,
    6.01855408e+02, 6.26250549e+02, 5.90076233e+02, 6.03397156e+02,
    6.92730591e+02, 7.50417969e+02, 6.81940002e+02, 7.28058960e+02,
    6.70627563e+02, 7.05643799e+02, 6.59568176e+02, 6.83357483e+02,
    6.48220215e+02, 6.60793884e+02, 6.36765137e+02, 6.38178040e+02,
    6.25292847e+02, 6.15496094e+02, 6.13597961e+02, 5.92573547e+02,
    7.15673279e+02, 7.39712097e+02, 7.04695801e+02, 7.17406311e+02,
    6.93644470e+02, 6.95064331e+02, 6.82618225e+02, 6.72624084e+02,
    6.71308960e+02, 6.50135925e+02, 6.59896240e+02, 6.27461121e+02,
    6.48411194e+02, 6.04710205e+02, 6.36751038e+02, 5.81789062e+02,
    7.38536804e+02, 7.29075012e+02, 7.27637878e+02, 7.06692627e+02,
    7.16545959e+02, 6.84396362e+02, 7.05544922e+02, 6.62177673e+02,
    6.94317505e+02, 6.39472839e+02, 6.83078613e+02, 6.16743774e+02,
    6.71603333e+02, 5.94105469e+02, 6.60188049e+02, 5.71205078e+02,
    7.61513794e+02, 7.18335327e+02, 7.50654907e+02, 6.96114868e+02,
    7.39637878e+02, 6.73707275e+02, 7.28629272e+02, 6.51434753e+02,
    7.17403870e+02, 6.28770935e+02, 7.06184265e+02, 6.06154907e+02,
    6.94752563e+02, 5.83402710e+02, 6.83451416e+02, 5.60418152e+02,
    7.84263367e+02, 7.07714783e+02, 7.73391113e+02, 6.85459656e+02,
    7.62482056e+02, 6.63283325e+02, 7.51494019e+02, 6.40816406e+02,
    7.40415161e+02, 6.18266296e+02, 7.29307129e+02, 5.95540283e+02,
    7.17983765e+02, 5.72681335e+02, 7.06603088e+02, 5.49630066e+02,
    8.06991211e+02, 6.97213562e+02, 7.96256470e+02, 6.75063293e+02,
    7.85329529e+02, 6.52687134e+02, 7.74363586e+02, 6.30370117e+02,
    7.63272644e+02, 6.07594604e+02, 7.52273071e+02, 5.84876953e+02,
    7.41207947e+02, 5.62044983e+02, 7.29926880e+02, 5.38892029e+02,
    8.29862610e+02, 6.86662109e+02, 8.19226135e+02, 6.64404785e+02,
    8.08369873e+02, 6.42182495e+02, 7.97552551e+02, 6.19677551e+02,
    7.86528259e+02, 5.97026917e+02, 7.75475830e+02, 5.74267395e+02,
    7.64390869e+02, 5.51318359e+02, 7.53329956e+02, 5.28220764e+02,
    8.52583008e+02, 6.76065247e+02, 8.41886780e+02, 6.53875671e+02,
    8.31251892e+02, 6.31536133e+02, 8.20431580e+02, 6.09152405e+02,
    8.09507874e+02, 5.86356873e+02, 7.98549316e+02, 5.63493408e+02,
    7.87581360e+02, 5.40626587e+02, 7.76593628e+02, 5.17455688e+02,
    8.75380371e+02, 6.65509705e+02, 8.64708801e+02, 6.43292908e+02,
    8.54124573e+02, 6.20906860e+02, 8.43399292e+02, 5.98478271e+02,
    8.32437805e+02, 5.75627380e+02, 8.21636658e+02, 5.52763916e+02,
    8.10619385e+02, 5.29828735e+02, 7.99660339e+02, 5.06557129e+02,
    8.98439636e+02, 6.54750732e+02, 8.87821472e+02, 6.32511475e+02,
    8.77276611e+02, 6.10282349e+02, 8.66593201e+02, 5.87624634e+02,
    8.55785034e+02, 5.64896912e+02, 8.45094055e+02, 5.42136353e+02,
    8.34250183e+02, 5.19161926e+02, 8.23300110e+02, 4.95838104e+02 ]
