%YAML:1.0
---
points: [ 6.28284180e+02, 7.50219666e+02, 6.15861328e+02, 7.29908203e+02,
    6.03379395e+02, 7.09383667e+02, 5.90709106e+02, 6.88717834e+02,
    5.77701721e+02, 6.67724426e+02, 5.64523132e+02, 6.46760498e+02,
    5.51033630e+02, 6.25471619e+02, 5.37441406e+02, 6.03801758e+02,
    6.49679810e+02, 7.40492798e+02, 6.37476440e+02, 7.20076843e+02,
    6.25062927e+02, 6.99540039e+02, 6.12468079e+02, 6.78729309e+02,
    5.99520752e+02, 6.57780396e+02, 5.86421509e+02, 6.36645386e+02,
    5.73091187e+02, 6.15384827e+02, 5.59490540e+02, 5.93604858e+02,
    6.71282959e+02, 7.30693909e+02, 6.59109253e+02, 7.10312622e+02,
    6.46653442e+02, 6.89583435e+02, 6.34224854e+02, 6.68775452e+02,
    6.21298035e+02, 6.47646729e+02, 6.08343628e+02, 6.26508423e+02,
    5.94930603e+02, 6.05054077e+02, 5.81639282e+02, 5.83317932e+02,
    6.92785706e+02, 7.20918579e+02, 6.80752380e+02, 7.00413879e+02,
    6.68421143e+02, 6.79646423e+02, 6.56000427e+02, 6.58796448e+02,
    6.43270081e+02, 6.37698608e+02, 6.30284424e+02, 6.16372314e+02,
    6.17069275e+02, 5.94841187e+02, 6.03683655e+02, 5.72941040e+02,
    7.14545166e+02, 7.11109985e+02, 7.02585327e+02, 6.90516541e+02,
    6.90358459e+02, 6.69681702e+02, 6.77934570e+02, 6.48795532e+02,
    6.65299316e+02, 6.27583984e+02, 6.52407349e+02, 6.06253967e+02,
    6.39353699e+02, 5.84461060e+02, 6.26187866e+02, 5.62412720e+02,
    7.36327148e+02, 7.01330933e+02, 7.24382629e+02, 6.80688965e+02,
    7.12272644e+02, 6.59887085e+02, 6.99873535e+02, 6.38838318e+02,
    6.87249390e+02, 6.17601990e+02, 6.74533875e+02, 5.95994629e+02,
    6.61587585e+02, 5.74117676e+02, 6.48439636e+02, 5.51811707e+02,
    7.58138367e+02, 6.91523865e+02, 7.46254395e+02, 6.70925293e+02,
    7.34223572e+02, 6.50091309e+02, 7.21937744e+02, 6.29080811e+02,
    7.09421509e+02, 6.07512390e+02, 6.96854065e+02, 5.85744751e+02,
    6.84100769e+02, 5.63640991e+02, 6.71207153e+02, 5.41326965e+02,
    7.80235962e+02, 6.81705566e+02, 7.68437988e+02, 6.61125488e+02,
    7.56458801e+02, 6.40158447e+02, 7.44285706e+02, 6.18943298e+02,
    7.32022278e+02, 5.97350952e+02, 7.19458313e+02, 5.75367920e+02,
    7.06817261e+02, 5.53170227e+02, 6.94103699e+02, 5.30513977e+02,
    8.02353760e+02, 6.71891663e+02, 7.90516602e+02, 6.51124268e+02,
    7.78695312e+02, 6.30197510e+02, 7.66585144e+02, 6.08686646e+02,
    7.54437744e+02, 5.87016235e+02, 7.42070374e+02, 5.64834534e+02,
    7.29623718e+02, 5.42505127e+02, 7.16887268e+02, 5.19702148e+02,
    8.24526245e+02, 6.61977600e+02, 8.12882507e+02, 6.41069031e+02,
    8.01128540e+02, 6.19825928e+02, 7.89200623e+02, 5.98463623e+02,
    7.77170105e+02, 5.76472168e+02, 7.64807495e+02, 5.54277954e+02,
    7.52474915e+02, 5.31680176e+02, 7.39896973e+02, 5.08872528e+02,
    8.47175964e+02, 6.51791809e+02, 8.35583801e+02, 6.30766907e+02,
    8.24007874e+02, 6.09498535e+02, 8.12198181e+02, 5.87833069e+02,
    8.00204285e+02, 5.65765564e+02, 7.87972412e+02, 5.43460266e+02,
    7.75776550e+02, 5.20847961e+02, 7.63374512e+02, 4.97850006e+02 ]
