%YAML:1.0
---
points: [ 7.28843506e+02, 7.10541931e+02, 7.23421509e+02, 6.88058655e+02,
    7.17748718e+02, 6.65554199e+02, 7.12113464e+02, 6.42699707e+02,
    7.06336975e+02, 6.19528076e+02, 7.00375122e+02, 5.96471558e+02,
    6.94068359e+02, 5.72752625e+02, 6.87686340e+02, 5.49165405e+02,
    7.51755554e+02, 7.07905579e+02, 7.46384033e+02, 6.85486755e+02,
    7.40730347e+02, 6.62647339e+02, 7.35169189e+02, 6.39769653e+02,
    7.29369812e+02, 6.16704529e+02, 7.23375183e+02, 5.93304626e+02,
    7.17438416e+02, 5.69786804e+02, 7.11327087e+02, 5.45619995e+02,
    7.74814758e+02, 7.05346924e+02, 7.69417603e+02, 6.82616821e+02,
    7.64053223e+02, 6.59873657e+02, 7.58452515e+02, 6.36886902e+02,
    7.52788269e+02, 6.13614319e+02, 7.46801086e+02, 5.90352722e+02,
    7.40772461e+02, 5.66498596e+02, 7.34670410e+02, 5.42454102e+02,
    7.97737183e+02, 7.02642761e+02, 7.92509766e+02, 6.80122742e+02,
    7.87161926e+02, 6.57153015e+02, 7.81647766e+02, 6.34144653e+02,
    7.76105225e+02, 6.10723694e+02, 7.70307800e+02, 5.87256958e+02,
    7.64467896e+02, 5.63363586e+02, 7.58553284e+02, 5.39113831e+02,
    8.21360046e+02, 6.99967896e+02, 8.16132690e+02, 6.77195801e+02,
    8.10813416e+02, 6.54419006e+02, 8.05423950e+02, 6.31257263e+02,
    7.99791748e+02, 6.07735413e+02, 7.94191711e+02, 5.84144226e+02,
    7.88429993e+02, 5.60180847e+02, 7.82546448e+02, 5.35666077e+02,
    8.44624817e+02, 6.97361084e+02, 8.39517212e+02, 6.74680420e+02,
    8.34287048e+02, 6.51591919e+02, 8.28996277e+02, 6.28471008e+02,
    8.23504272e+02, 6.04781250e+02, 8.17905884e+02, 5.81143311e+02,
    8.12438782e+02, 5.56735657e+02, 8.06860962e+02, 5.32490601e+02,
    8.68456604e+02, 6.94827271e+02, 8.63309631e+02, 6.71912048e+02,
    8.58222778e+02, 6.48997131e+02, 8.52960632e+02, 6.25539001e+02,
    8.47720947e+02, 6.01964233e+02, 8.42364624e+02, 5.77850708e+02,
    8.36991089e+02, 5.53664978e+02, 8.31524048e+02, 5.28872314e+02,
    8.92331055e+02, 6.92379639e+02, 8.87348267e+02, 6.69537292e+02,
    8.82280640e+02, 6.46243408e+02, 8.77280579e+02, 6.22844849e+02,
    8.72093140e+02, 5.98877258e+02, 8.66804810e+02, 5.74976379e+02,
    8.61583008e+02, 5.50340881e+02, 8.56349426e+02, 5.25410706e+02,
    9.16597778e+02, 6.89703186e+02, 9.11682190e+02, 6.66683105e+02,
    9.06729370e+02, 6.43630554e+02, 9.01638306e+02, 6.19856140e+02,
    8.96659119e+02, 5.96030151e+02, 8.91565857e+02, 5.71630798e+02,
    8.86484009e+02, 5.46962097e+02, 8.81448547e+02, 5.22040527e+02,
    9.40879333e+02, 6.87049255e+02, 9.36186707e+02, 6.64016052e+02,
    9.31429993e+02, 6.40529785e+02, 9.26599915e+02, 6.17003235e+02,
    9.21757812e+02, 5.92696472e+02, 9.16793884e+02, 5.68359131e+02,
    9.11893982e+02, 5.43604797e+02, 9.06793335e+02, 5.18324158e+02,
    9.65721619e+02, 6.84374817e+02, 9.61168457e+02, 6.61070923e+02,
    9.56582458e+02, 6.37672363e+02, 9.51850769e+02, 6.13692505e+02,
    9.47249695e+02, 5.89439697e+02, 9.42451538e+02, 5.65004211e+02,
    9.37574341e+02, 5.39897400e+02, 9.32743103e+02, 5.14579224e+02 ]
