%YAML:1.0
---
points: [ 7.81895203e+02, 6.57664185e+02, 7.86909668e+02, 6.32901855e+02,
    7.92027710e+02, 6.07903564e+02, 7.97082275e+02, 5.83006226e+02,
    8.02180664e+02, 5.58063171e+02, 8.07035583e+02, 5.32897644e+02,
    8.12077576e+02, 5.07676788e+02, 8.17202271e+02, 4.82279816e+02,
    8.07308228e+02, 6.62565002e+02, 8.12312073e+02, 6.37957458e+02,
    8.17395630e+02, 6.13062012e+02, 8.22488159e+02, 5.88039368e+02,
    8.27546509e+02, 5.63217224e+02, 8.32496826e+02, 5.38247070e+02,
    8.37554321e+02, 5.12930115e+02, 8.42604065e+02, 4.87499298e+02,
    8.32501526e+02, 6.67567627e+02, 8.37519470e+02, 6.42980286e+02,
    8.42563110e+02, 6.18255005e+02, 8.47671631e+02, 5.93277954e+02,
    8.52675476e+02, 5.68300964e+02, 8.57647766e+02, 5.43337280e+02,
    8.62734436e+02, 5.18221741e+02, 8.67971252e+02, 4.92729218e+02,
    8.57562988e+02, 6.72538940e+02, 8.62517395e+02, 6.47899963e+02,
    8.67552795e+02, 6.23213074e+02, 8.72678955e+02, 5.98272400e+02,
    8.77712036e+02, 5.73432861e+02, 8.82847107e+02, 5.48488831e+02,
    8.87931152e+02, 5.23406799e+02, 8.93183716e+02, 4.98039429e+02,
    8.82508606e+02, 6.77450439e+02, 8.87522827e+02, 6.52892212e+02,
    8.92651001e+02, 6.28244812e+02, 8.97759949e+02, 6.03356018e+02,
    9.02867737e+02, 5.78494080e+02, 9.08042419e+02, 5.53570618e+02,
    9.13211609e+02, 5.28522095e+02, 9.18463745e+02, 5.03239349e+02,
    9.07412109e+02, 6.82417664e+02, 9.12546753e+02, 6.57924072e+02,
    9.17641052e+02, 6.33307800e+02, 9.22849854e+02, 6.08451660e+02,
    9.28031189e+02, 5.83657104e+02, 9.33249329e+02, 5.58809753e+02,
    9.38453796e+02, 5.33695862e+02, 9.43721863e+02, 5.08416656e+02,
    9.32415283e+02, 6.87476929e+02, 9.37571838e+02, 6.63041687e+02,
    9.42611938e+02, 6.38461975e+02, 9.48007812e+02, 6.13661072e+02,
    9.53218750e+02, 5.88798828e+02, 9.58459045e+02, 5.64047546e+02,
    9.63680054e+02, 5.38977783e+02, 9.69189026e+02, 5.13657288e+02,
    9.57424377e+02, 6.92557495e+02, 9.62560730e+02, 6.68150940e+02,
    9.67786987e+02, 6.43662537e+02, 9.73107544e+02, 6.18796814e+02,
    9.78440613e+02, 5.94114563e+02, 9.83559387e+02, 5.69301331e+02,
    9.89123657e+02, 5.44276062e+02, 9.94469604e+02, 5.18851379e+02,
    9.82202759e+02, 6.97491028e+02, 9.87452881e+02, 6.73053955e+02,
    9.92647705e+02, 6.48743958e+02, 9.98037476e+02, 6.23823181e+02,
    1.00336084e+03, 5.99163452e+02, 1.00864673e+03, 5.74397644e+02,
    1.01410284e+03, 5.49411011e+02, 1.01961084e+03, 5.24191711e+02,
    1.00708844e+03, 7.02580200e+02, 1.01235474e+03, 6.78118958e+02,
    1.01763757e+03, 6.53636780e+02, 1.02294958e+03, 6.28951355e+02,
    1.02834167e+03, 6.04280334e+02, 1.03373926e+03, 5.79446716e+02,
    1.03929846e+03, 5.54456055e+02, 1.04471497e+03, 5.29286194e+02,
    1.03230481e+03, 7.07661072e+02, 1.03756409e+03, 6.83225159e+02,
    1.04288818e+03, 6.58774841e+02, 1.04834595e+03, 6.34202698e+02,
    1.05366174e+03, 6.09345093e+02, 1.05920093e+03, 5.84609131e+02,
    1.06462500e+03, 5.59708313e+02, 1.07019275e+03, 5.34492554e+02 ]
