%YAML:1.0
---
points: [ 7.82750305e+02, 6.66781860e+02, 7.86442566e+02, 6.41462341e+02,
    7.90186462e+02, 6.16238098e+02, 7.93813477e+02, 5.90756714e+02,
    7.97393555e+02, 5.65191956e+02, 8.01114868e+02, 5.39556152e+02,
    8.04671143e+02, 5.13704956e+02, 8.08237122e+02, 4.87779175e+02,
    8.08448914e+02, 6.70561340e+02, 8.12164124e+02, 6.45260498e+02,
    8.15963562e+02, 6.19817139e+02, 8.19420471e+02, 5.94418701e+02,
    8.23151245e+02, 5.68864441e+02, 8.26870056e+02, 5.43393188e+02,
    8.30360229e+02, 5.17647095e+02, 8.34139771e+02, 4.91765961e+02,
    8.34036621e+02, 6.74191650e+02, 8.37812622e+02, 6.48977173e+02,
    8.41528870e+02, 6.23495911e+02, 8.44962280e+02, 5.98149353e+02,
    8.48723877e+02, 5.72595032e+02, 8.52488403e+02, 5.47131348e+02,
    8.56157593e+02, 5.21460754e+02, 8.59793030e+02, 4.95629913e+02,
    8.59608459e+02, 6.77738953e+02, 8.63409607e+02, 6.52649536e+02,
    8.66816956e+02, 6.27372925e+02, 8.70538452e+02, 6.01974243e+02,
    8.74451233e+02, 5.76372986e+02, 8.78156860e+02, 5.50796021e+02,
    8.81676270e+02, 5.25273621e+02, 8.85649902e+02, 4.99425140e+02,
    8.85322327e+02, 6.81569458e+02, 8.88908264e+02, 6.56212097e+02,
    8.92413940e+02, 6.30857422e+02, 8.96328369e+02, 6.05671997e+02,
    9.00198486e+02, 5.80289612e+02, 9.03684326e+02, 5.54672791e+02,
    9.07500183e+02, 5.29093384e+02, 9.11474304e+02, 5.03243134e+02,
    9.10723877e+02, 6.85322754e+02, 9.14340271e+02, 6.59997498e+02,
    9.17928650e+02, 6.34621155e+02, 9.21841370e+02, 6.09323914e+02,
    9.25584534e+02, 5.83917847e+02, 9.29328491e+02, 5.58548157e+02,
    9.33206177e+02, 5.33016602e+02, 9.37154419e+02, 5.07233154e+02,
    9.36196716e+02, 6.88786926e+02, 9.39716125e+02, 6.63690491e+02,
    9.43562195e+02, 6.38584961e+02, 9.47403137e+02, 6.13296204e+02,
    9.51147095e+02, 5.87696594e+02, 9.54937134e+02, 5.62297546e+02,
    9.58998596e+02, 5.36727783e+02, 9.62916748e+02, 5.11098541e+02,
    9.61609314e+02, 6.92545410e+02, 9.65450806e+02, 6.67457520e+02,
    9.69340332e+02, 6.42457336e+02, 9.73124084e+02, 6.17234802e+02,
    9.76838318e+02, 5.91670959e+02, 9.80721191e+02, 5.66160522e+02,
    9.84912964e+02, 5.40512634e+02, 9.88831848e+02, 5.14756470e+02,
    9.87087891e+02, 6.96374390e+02, 9.90967163e+02, 6.71242615e+02,
    9.94868530e+02, 6.46067444e+02, 9.98637512e+02, 6.20784973e+02,
    1.00247009e+03, 5.95511169e+02, 1.00661584e+03, 5.70112671e+02,
    1.01062463e+03, 5.44469360e+02, 1.01468909e+03, 5.18655212e+02,
    1.01254779e+03, 7.00026001e+02, 1.01649377e+03, 6.75087708e+02,
    1.02039825e+03, 6.49772095e+02, 1.02426477e+03, 6.24504150e+02,
    1.02829480e+03, 5.99170654e+02, 1.03238245e+03, 5.73778015e+02,
    1.03638232e+03, 5.48317871e+02, 1.04036804e+03, 5.22550415e+02,
    1.03848047e+03, 7.03616516e+02, 1.04240747e+03, 6.78648193e+02,
    1.04618738e+03, 6.53646423e+02, 1.05003088e+03, 6.28414551e+02,
    1.05419434e+03, 6.02939453e+02, 1.05833557e+03, 5.77421265e+02,
    1.06234998e+03, 5.51916870e+02, 1.06639099e+03, 5.26388977e+02 ]
