%YAML:1.0
---
cameraMatrix: !!opencv-matrix
   rows: 3
   cols: 3
   dt: d
   data: [ 1.0517487135178503e+03, 0., 9.4602677496510330e+02, 0.,
       1.0478801056748173e+03, 5.4270911910044060e+02, 0., 0., 1. ]
distortionCoefficients: !!opencv-matrix
   rows: 1
   cols: 5
   dt: d
   data: [ 6.3769417686498131e-02, -6.1692439470474938e-02,
       3.7701898492839596e-04, 5.9188910026745653e-03,
       -7.7872142801665677e-03 ]
rotation: !!opencv-matrix
   rows: 3
   cols: 3
   dt: d
   data: [ 1., 0., 0., 0., 1., 0., 0., 0., 1. ]
projection: !!opencv-matrix
   rows: 4
   cols: 4
   dt: d
   data: [ 1.0517487135178503e+03, 0., 9.4602677496510330e+02, 0., 0.,
       1.0478801056748173e+03, 5.4270911910044060e+02, 0., 0., 0., 1.,
       0., 0., 0., 0., 1. ]
