%YAML:1.0
---
points: [ 2.94720825e+02, 1.78694168e+02, 2.94658112e+02, 1.98207489e+02,
    2.94593903e+02, 2.17132904e+02, 2.94422821e+02, 2.35973236e+02,
    2.94414612e+02, 2.54482849e+02, 2.94301239e+02, 2.72793640e+02,
    2.94141449e+02, 2.91125580e+02, 2.93972504e+02, 3.09061554e+02,
    2.75395233e+02, 1.78560013e+02, 2.75417633e+02, 1.97669388e+02,
    2.75549377e+02, 2.16405457e+02, 2.75568604e+02, 2.35117310e+02,
    2.75611633e+02, 2.53387787e+02, 2.75634308e+02, 2.71573730e+02,
    2.75663757e+02, 2.89387970e+02, 2.75646027e+02, 3.07327087e+02,
    2.56559326e+02, 1.78395981e+02, 2.56766418e+02, 1.97212158e+02,
    2.57087219e+02, 2.15928009e+02, 2.57229279e+02, 2.34141281e+02,
    2.57387085e+02, 2.52224548e+02, 2.57567078e+02, 2.70180573e+02,
    2.57637421e+02, 2.88054260e+02, 2.57729279e+02, 3.05480713e+02,
    2.38354858e+02, 1.78165009e+02, 2.38704620e+02, 1.96972748e+02,
    2.39036636e+02, 2.15268402e+02, 2.39353943e+02, 2.33376572e+02,
    2.39648849e+02, 2.51334015e+02, 2.39806473e+02, 2.69031830e+02,
    2.40070786e+02, 2.86419403e+02, 2.40257935e+02, 3.03885132e+02,
    2.20416779e+02, 1.78123596e+02, 2.20987244e+02, 1.96561661e+02,
    2.21366592e+02, 2.14646774e+02, 2.21777390e+02, 2.32520935e+02,
    2.22185242e+02, 2.50302521e+02, 2.22549545e+02, 2.67817200e+02,
    2.22828644e+02, 2.85247253e+02, 2.23184067e+02, 3.02371429e+02,
    2.03067108e+02, 1.77941238e+02, 2.03596878e+02, 1.96232132e+02,
    2.04279404e+02, 2.14172531e+02, 2.04736725e+02, 2.31935471e+02,
    2.05192200e+02, 2.49447510e+02, 2.05624878e+02, 2.66731964e+02,
    2.06152023e+02, 2.83968994e+02, 2.06541611e+02, 3.00879272e+02,
    1.86025116e+02, 1.77834320e+02, 1.86684692e+02, 1.95739899e+02,
    1.87281052e+02, 2.13613739e+02, 1.87931244e+02, 2.31170898e+02,
    1.88455887e+02, 2.48456009e+02, 1.89128189e+02, 2.65735382e+02,
    1.89567474e+02, 2.82536072e+02, 1.90202164e+02, 2.99313660e+02,
    1.69264526e+02, 1.77638367e+02, 1.70026413e+02, 1.95532227e+02,
    1.70668671e+02, 2.13005356e+02, 1.71345673e+02, 2.30574448e+02,
    1.72113998e+02, 2.47683151e+02, 1.72658417e+02, 2.64572052e+02,
    1.73332245e+02, 2.81264191e+02, 1.74157562e+02, 2.97850922e+02,
    1.52876343e+02, 1.77540451e+02, 1.53674683e+02, 1.95149185e+02,
    1.54474686e+02, 2.12693863e+02, 1.55254730e+02, 2.29813705e+02,
    1.56082153e+02, 2.46856079e+02, 1.56821304e+02, 2.63571381e+02,
    1.57576523e+02, 2.80023163e+02, 1.58424240e+02, 2.96309326e+02,
    1.37055649e+02, 1.77450317e+02, 1.37946121e+02, 1.94852097e+02,
    1.38794083e+02, 2.11954376e+02, 1.39632675e+02, 2.29099503e+02,
    1.40450165e+02, 2.45900558e+02, 1.41386398e+02, 2.62554932e+02,
    1.42305710e+02, 2.78858673e+02, 1.43243881e+02, 2.94918274e+02,
    1.21226036e+02, 1.77206772e+02, 1.22251923e+02, 1.94532364e+02,
    1.23217003e+02, 2.11590073e+02, 1.24232712e+02, 2.28323410e+02,
    1.25279503e+02, 2.45073563e+02, 1.26201088e+02, 2.61531433e+02,
    1.27228333e+02, 2.77540344e+02, 1.28263016e+02, 2.93580353e+02 ]
