%YAML:1.0
---
points: [ 3.19561340e+02, 2.18231384e+02, 3.14722839e+02, 2.35028519e+02,
    3.09975555e+02, 2.51247116e+02, 3.05432556e+02, 2.66938660e+02,
    3.00922668e+02, 2.82252686e+02, 2.96647980e+02, 2.97318787e+02,
    2.92424377e+02, 3.11865356e+02, 2.88360291e+02, 3.26134155e+02,
    3.01021881e+02, 2.13384537e+02, 2.96442841e+02, 2.30126999e+02,
    2.92080597e+02, 2.46251907e+02, 2.87874542e+02, 2.62057953e+02,
    2.83759155e+02, 2.77354187e+02, 2.79700378e+02, 2.92364380e+02,
    2.75748657e+02, 3.06939117e+02, 2.71966888e+02, 3.21140198e+02,
    2.82705475e+02, 2.08501022e+02, 2.78513214e+02, 2.25276672e+02,
    2.74478943e+02, 2.41412659e+02, 2.70569244e+02, 2.57157928e+02,
    2.66667114e+02, 2.72606934e+02, 2.62982697e+02, 2.87542603e+02,
    2.59279907e+02, 3.02153076e+02, 2.55733749e+02, 3.16371704e+02,
    2.64718811e+02, 2.03805527e+02, 2.60897888e+02, 2.20616043e+02,
    2.57120697e+02, 2.36764877e+02, 2.53515121e+02, 2.52467926e+02,
    2.49926758e+02, 2.67860809e+02, 2.46396576e+02, 2.82806671e+02,
    2.43035370e+02, 2.97462799e+02, 2.39696228e+02, 3.11621582e+02,
    2.46919891e+02, 1.99101089e+02, 2.43375214e+02, 2.15795410e+02,
    2.39983948e+02, 2.32095169e+02, 2.36617371e+02, 2.47808609e+02,
    2.33244064e+02, 2.63239563e+02, 2.30014786e+02, 2.78267792e+02,
    2.26821503e+02, 2.92814209e+02, 2.23745850e+02, 3.06960541e+02,
    2.29424835e+02, 1.94529297e+02, 2.26159058e+02, 2.11309692e+02,
    2.22911850e+02, 2.27497879e+02, 2.19882187e+02, 2.43263367e+02,
    2.16781631e+02, 2.58681946e+02, 2.13783478e+02, 2.73704773e+02,
    2.10888062e+02, 2.88224640e+02, 2.08099014e+02, 3.02398651e+02,
    2.11983398e+02, 1.90064224e+02, 2.09057693e+02, 2.06773315e+02,
    2.06064606e+02, 2.23050339e+02, 2.03233276e+02, 2.38847870e+02,
    2.00359848e+02, 2.54263855e+02, 1.97672470e+02, 2.69148346e+02,
    1.94998917e+02, 2.83721741e+02, 1.92353683e+02, 2.97788635e+02,
    1.94751114e+02, 1.85433640e+02, 1.91952255e+02, 2.02225479e+02,
    1.89284103e+02, 2.18536652e+02, 1.86639587e+02, 2.34395935e+02,
    1.84031616e+02, 2.49754456e+02, 1.81560165e+02, 2.64690186e+02,
    1.79103897e+02, 2.79194550e+02, 1.76908554e+02, 2.93115997e+02,
    1.77617096e+02, 1.81047043e+02, 1.75062317e+02, 1.97835709e+02,
    1.72595291e+02, 2.14122910e+02, 1.70263351e+02, 2.29978592e+02,
    1.67949265e+02, 2.45464890e+02, 1.65696381e+02, 2.60233612e+02,
    1.63583450e+02, 2.74692780e+02, 1.61500595e+02, 2.88722595e+02,
    1.60760742e+02, 1.76562637e+02, 1.58452530e+02, 1.93365768e+02,
    1.56306503e+02, 2.09693314e+02, 1.54101425e+02, 2.25457367e+02,
    1.52071136e+02, 2.40924850e+02, 1.50101669e+02, 2.55790527e+02,
    1.48174393e+02, 2.70250793e+02, 1.46381210e+02, 2.84242828e+02,
    1.43699646e+02, 1.72119568e+02, 1.41829636e+02, 1.88913437e+02,
    1.39883530e+02, 2.05246826e+02, 1.37955078e+02, 2.20992340e+02,
    1.36183716e+02, 2.36334091e+02, 1.34558090e+02, 2.51169891e+02,
    1.32847977e+02, 2.65705078e+02, 1.31193604e+02, 2.79681976e+02 ]
