%YAML:1.0
---
points: [ 3.39102570e+02, 2.36511337e+02, 3.29990814e+02, 2.51615860e+02,
    3.21039703e+02, 2.66184692e+02, 3.12264587e+02, 2.80645264e+02,
    3.03797333e+02, 2.94794617e+02, 2.95408661e+02, 3.08776123e+02,
    2.87181458e+02, 3.22577728e+02, 2.79111328e+02, 3.36105103e+02,
    3.22757324e+02, 2.27749573e+02, 3.13807800e+02, 2.42821411e+02,
    3.05180176e+02, 2.57523041e+02, 2.96616730e+02, 2.71984802e+02,
    2.88311340e+02, 2.86301025e+02, 2.80159637e+02, 3.00310974e+02,
    2.72119629e+02, 3.14081573e+02, 2.64211853e+02, 3.27639954e+02,
    3.06488678e+02, 2.19042007e+02, 2.97858826e+02, 2.34179459e+02,
    2.89373444e+02, 2.48970795e+02, 2.81025024e+02, 2.63532288e+02,
    2.72934418e+02, 2.77849670e+02, 2.65005859e+02, 2.91985687e+02,
    2.57094147e+02, 3.05795135e+02, 2.49400192e+02, 3.19409546e+02,
    2.90607727e+02, 2.10349121e+02, 2.82072174e+02, 2.25602997e+02,
    2.73813202e+02, 2.40546356e+02, 2.65706970e+02, 2.55048279e+02,
    2.57749512e+02, 2.69505981e+02, 2.49955643e+02, 2.83613617e+02,
    2.42281479e+02, 2.97580933e+02, 2.34730164e+02, 3.11195007e+02,
    2.74568878e+02, 2.01786667e+02, 2.66304657e+02, 2.17174026e+02,
    2.58252136e+02, 2.32101624e+02, 2.50310608e+02, 2.46785446e+02,
    2.42511993e+02, 2.61223541e+02, 2.34924210e+02, 2.75397919e+02,
    2.27372940e+02, 2.89387482e+02, 2.20048752e+02, 3.03014496e+02,
    2.58883606e+02, 1.93359818e+02, 2.50709427e+02, 2.08717499e+02,
    2.42821289e+02, 2.23802109e+02, 2.35123428e+02, 2.38509918e+02,
    2.27429001e+02, 2.53013626e+02, 2.20017136e+02, 2.67299591e+02,
    2.12656860e+02, 2.81256317e+02, 2.05374405e+02, 2.94922607e+02,
    2.43028534e+02, 1.84922195e+02, 2.35197388e+02, 2.00365845e+02,
    2.27396683e+02, 2.15626450e+02, 2.19839691e+02, 2.30311142e+02,
    2.12332596e+02, 2.44873367e+02, 2.05111053e+02, 2.59169556e+02,
    1.97851166e+02, 2.73162506e+02, 1.90824554e+02, 2.86872772e+02,
    2.27326263e+02, 1.76457947e+02, 2.19618454e+02, 1.92057220e+02,
    2.12003540e+02, 2.07199829e+02, 2.04588547e+02, 2.22090683e+02,
    1.97284454e+02, 2.36736938e+02, 1.90087463e+02, 2.50960373e+02,
    1.83026657e+02, 2.65079956e+02, 1.76195496e+02, 2.78804016e+02,
    2.11690918e+02, 1.68103714e+02, 2.04150345e+02, 1.83726883e+02,
    1.96723419e+02, 1.98946869e+02, 1.89420578e+02, 2.13852814e+02,
    1.82244293e+02, 2.28646149e+02, 1.75234161e+02, 2.42944183e+02,
    1.68368866e+02, 2.57029816e+02, 1.61696777e+02, 2.70759308e+02,
    1.96086121e+02, 1.59702774e+02, 1.88742279e+02, 1.75258286e+02,
    1.81535416e+02, 1.90719376e+02, 1.74309265e+02, 2.05711700e+02,
    1.67408813e+02, 2.20402542e+02, 1.60563385e+02, 2.34828888e+02,
    1.53878998e+02, 2.48983505e+02, 1.47401123e+02, 2.62762787e+02,
    1.80353149e+02, 1.51208511e+02, 1.73168152e+02, 1.66964874e+02,
    1.66128143e+02, 1.82360489e+02, 1.59184875e+02, 1.97383209e+02,
    1.52430466e+02, 2.12149124e+02, 1.45772308e+02, 2.26675751e+02,
    1.39234085e+02, 2.40871201e+02, 1.32816620e+02, 2.54708374e+02 ]
