%YAML:1.0
---
points: [ 3.01643555e+02, 1.87909622e+02, 3.02504395e+02, 2.05263168e+02,
    3.03334290e+02, 2.22213760e+02, 3.04270050e+02, 2.38674118e+02,
    3.05049225e+02, 2.54791153e+02, 3.05879120e+02, 2.70777344e+02,
    3.06717834e+02, 2.86234528e+02, 3.07583710e+02, 3.01505768e+02,
    2.83346008e+02, 1.89194855e+02, 2.84404968e+02, 2.06506348e+02,
    2.85509888e+02, 2.23318726e+02, 2.86610748e+02, 2.39781021e+02,
    2.87599915e+02, 2.55954269e+02, 2.88672363e+02, 2.71655365e+02,
    2.89732727e+02, 2.87186493e+02, 2.90746490e+02, 3.02343292e+02,
    2.65192810e+02, 1.90567917e+02, 2.66541687e+02, 2.07670364e+02,
    2.67874634e+02, 2.24405533e+02, 2.69246643e+02, 2.40813217e+02,
    2.70459808e+02, 2.56960510e+02, 2.71685333e+02, 2.72566864e+02,
    2.72916748e+02, 2.88229584e+02, 2.74093506e+02, 3.03329010e+02,
    2.47325500e+02, 1.91666809e+02, 2.48892517e+02, 2.08858994e+02,
    2.50451660e+02, 2.25701523e+02, 2.51914780e+02, 2.41887405e+02,
    2.53391052e+02, 2.57881958e+02, 2.54841690e+02, 2.73641876e+02,
    2.56230377e+02, 2.89025787e+02, 2.57542542e+02, 3.04118896e+02,
    2.29409317e+02, 1.93109818e+02, 2.31252533e+02, 2.10199051e+02,
    2.33010345e+02, 2.26722260e+02, 2.34720993e+02, 2.43143875e+02,
    2.36391510e+02, 2.59193237e+02, 2.38064453e+02, 2.74725464e+02,
    2.39567276e+02, 2.90153168e+02, 2.41111618e+02, 3.05092468e+02,
    2.11762543e+02, 1.94366150e+02, 2.13784744e+02, 2.11298340e+02,
    2.15792557e+02, 2.28008896e+02, 2.17644638e+02, 2.44164963e+02,
    2.19496811e+02, 2.60141449e+02, 2.21304352e+02, 2.75751038e+02,
    2.23149551e+02, 2.91005066e+02, 2.24817642e+02, 3.05952759e+02,
    1.94159348e+02, 1.95558105e+02, 1.96439682e+02, 2.12587296e+02,
    1.98565704e+02, 2.29241470e+02, 2.00636063e+02, 2.45473007e+02,
    2.02657837e+02, 2.61339447e+02, 2.04662003e+02, 2.76831848e+02,
    2.06615768e+02, 2.92142578e+02, 2.08443024e+02, 3.06883209e+02,
    1.76481110e+02, 1.96906937e+02, 1.78892273e+02, 2.13796204e+02,
    1.81312454e+02, 2.30397568e+02, 1.83596680e+02, 2.46586868e+02,
    1.85793060e+02, 2.62371094e+02, 1.87922119e+02, 2.78031464e+02,
    1.90109329e+02, 2.93090668e+02, 1.92168900e+02, 3.07783356e+02,
    1.58963486e+02, 1.98100479e+02, 1.61603745e+02, 2.15083984e+02,
    1.64191238e+02, 2.31632919e+02, 1.66677246e+02, 2.47781143e+02,
    1.69048538e+02, 2.63582550e+02, 1.71411865e+02, 2.79024384e+02,
    1.73762390e+02, 2.93947754e+02, 1.76094482e+02, 3.08584351e+02,
    1.41693817e+02, 1.99344879e+02, 1.44497131e+02, 2.16244278e+02,
    1.47254929e+02, 2.32791000e+02, 1.49883881e+02, 2.48818939e+02,
    1.52511200e+02, 2.64686768e+02, 1.55069260e+02, 2.79836792e+02,
    1.57632553e+02, 2.94787659e+02, 1.60095337e+02, 3.09387360e+02,
    1.24156105e+02, 2.00614273e+02, 1.27208969e+02, 2.17428375e+02,
    1.30208176e+02, 2.33785995e+02, 1.33108185e+02, 2.49776001e+02,
    1.35894791e+02, 2.65627289e+02, 1.38687164e+02, 2.80654327e+02,
    1.41359344e+02, 2.95624847e+02, 1.44073059e+02, 3.10287231e+02 ]
