%YAML:1.0
---
points: [ 2.53451904e+02, 1.70603073e+02, 2.61098450e+02, 1.87082306e+02,
    2.68374359e+02, 2.03154068e+02, 2.75541962e+02, 2.18820068e+02,
    2.82513092e+02, 2.34054520e+02, 2.89290894e+02, 2.48998886e+02,
    2.95912048e+02, 2.63663696e+02, 3.02446930e+02, 2.78057983e+02,
    2.36491837e+02, 1.77852676e+02, 2.44251816e+02, 1.94110657e+02,
    2.51723816e+02, 2.09958694e+02, 2.58994385e+02, 2.25318787e+02,
    2.66154999e+02, 2.40461472e+02, 2.73067627e+02, 2.55185730e+02,
    2.79862244e+02, 2.69706207e+02, 2.86436890e+02, 2.83902496e+02,
    2.19743301e+02, 1.84972397e+02, 2.27717072e+02, 2.00944794e+02,
    2.35323181e+02, 2.16660538e+02, 2.42803680e+02, 2.31850800e+02,
    2.50094162e+02, 2.46751633e+02, 2.57169006e+02, 2.61375946e+02,
    2.64111877e+02, 2.75710358e+02, 2.70866852e+02, 2.89733795e+02,
    2.03312973e+02, 1.92083939e+02, 2.11351028e+02, 2.07789764e+02,
    2.19268448e+02, 2.23224899e+02, 2.26828232e+02, 2.38279266e+02,
    2.34292999e+02, 2.53003540e+02, 2.41481506e+02, 2.67440582e+02,
    2.48503479e+02, 2.81587402e+02, 2.55424973e+02, 2.95501740e+02,
    1.87055847e+02, 1.98895294e+02, 1.95363998e+02, 2.14595886e+02,
    2.03349609e+02, 2.29800125e+02, 2.11107666e+02, 2.44720932e+02,
    2.18669907e+02, 2.59280182e+02, 2.25976608e+02, 2.73629730e+02,
    2.33187256e+02, 2.87527252e+02, 2.40218643e+02, 3.01164154e+02,
    1.71138962e+02, 2.05739395e+02, 1.79530548e+02, 2.21250931e+02,
    1.87698669e+02, 2.36255478e+02, 1.95571350e+02, 2.51057739e+02,
    2.03233719e+02, 2.65431366e+02, 2.10746613e+02, 2.79536224e+02,
    2.18072037e+02, 2.93321289e+02, 2.25224731e+02, 3.06730591e+02,
    1.55318542e+02, 2.12452866e+02, 1.63865372e+02, 2.27781570e+02,
    1.72095871e+02, 2.42812317e+02, 1.80185257e+02, 2.57307648e+02,
    1.87988541e+02, 2.71586670e+02, 1.95670761e+02, 2.85495453e+02,
    2.03073868e+02, 2.99093536e+02, 2.10342590e+02, 3.12385071e+02,
    1.39710297e+02, 2.19167633e+02, 1.48348862e+02, 2.34310074e+02,
    1.56708923e+02, 2.49217300e+02, 1.64879547e+02, 2.63585358e+02,
    1.72885391e+02, 2.77712738e+02, 1.80610870e+02, 2.91431519e+02,
    1.88193649e+02, 3.04814087e+02, 1.95637253e+02, 3.17765900e+02,
    1.24313477e+02, 2.25809494e+02, 1.33048828e+02, 2.40758499e+02,
    1.41557922e+02, 2.55395370e+02, 1.49850723e+02, 2.69692505e+02,
    1.57978439e+02, 2.83613464e+02, 1.65876907e+02, 2.97201843e+02,
    1.73680878e+02, 3.10282806e+02, 1.81211121e+02, 3.23099091e+02,
    1.09356438e+02, 2.32310852e+02, 1.18159698e+02, 2.46969482e+02,
    1.26748703e+02, 2.61501007e+02, 1.35218140e+02, 2.75501801e+02,
    1.43511536e+02, 2.89304657e+02, 1.51534256e+02, 3.02612915e+02,
    1.59340851e+02, 3.15708160e+02, 1.67103271e+02, 3.28312225e+02,
    9.44588928e+01, 2.38616653e+02, 1.03406212e+02, 2.53163071e+02,
    1.12141975e+02, 2.67451019e+02, 1.20672462e+02, 2.81275360e+02,
    1.29033173e+02, 2.94888245e+02, 1.37184280e+02, 3.08059387e+02,
    1.45201569e+02, 3.20858307e+02, 1.53021912e+02, 3.33460938e+02 ]
