%YAML:1.0
---
points: [ 1.79524155e+02, 1.84944290e+02, 1.86797791e+02, 2.03151520e+02,
    1.93681580e+02, 2.20861069e+02, 2.00364822e+02, 2.38068970e+02,
    2.06824173e+02, 2.54905365e+02, 2.13026627e+02, 2.71377289e+02,
    2.19123627e+02, 2.87581696e+02, 2.24953903e+02, 3.03368195e+02,
    1.61504913e+02, 1.90267197e+02, 1.68921051e+02, 2.08240082e+02,
    1.75995712e+02, 2.25703400e+02, 1.82802399e+02, 2.42740860e+02,
    1.89514404e+02, 2.59392700e+02, 1.95829651e+02, 2.75696594e+02,
    2.02038055e+02, 2.91628906e+02, 2.08132416e+02, 3.07256409e+02,
    1.43661804e+02, 1.95481613e+02, 1.51339523e+02, 2.13263367e+02,
    1.58587402e+02, 2.30502747e+02, 1.65632690e+02, 2.47325653e+02,
    1.72490631e+02, 2.63878174e+02, 1.79004059e+02, 2.79905121e+02,
    1.85338913e+02, 2.95707550e+02, 1.91619354e+02, 3.11127289e+02,
    1.26372292e+02, 2.00600006e+02, 1.34119873e+02, 2.18171356e+02,
    1.41514938e+02, 2.35273621e+02, 1.48700607e+02, 2.51876236e+02,
    1.55728546e+02, 2.68167480e+02, 1.62323181e+02, 2.84032471e+02,
    1.68839005e+02, 2.99799042e+02, 1.75279663e+02, 3.14901184e+02,
    1.09274513e+02, 2.05704208e+02, 1.17090393e+02, 2.23004898e+02,
    1.24673012e+02, 2.39972427e+02, 1.31991028e+02, 2.56324127e+02,
    1.39023972e+02, 2.72479156e+02, 1.45967026e+02, 2.88288025e+02,
    1.52655197e+02, 3.03583618e+02, 1.59258820e+02, 3.18505859e+02,
    9.26130142e+01, 2.10660248e+02, 1.00564407e+02, 2.27808548e+02,
    1.08241508e+02, 2.44516464e+02, 1.15651016e+02, 2.60811249e+02,
    1.22876091e+02, 2.76812103e+02, 1.30002792e+02, 2.92280029e+02,
    1.36860825e+02, 3.07444244e+02, 1.43586761e+02, 3.22147858e+02,
    7.64093018e+01, 2.15498856e+02, 8.43137589e+01, 2.32402145e+02,
    9.20768127e+01, 2.49026138e+02, 9.95815125e+01, 2.65090637e+02,
    1.07010086e+02, 2.80909851e+02, 1.14164116e+02, 2.96218475e+02,
    1.21291718e+02, 3.11216644e+02, 1.28112457e+02, 3.25687927e+02,
    6.05070381e+01, 2.20272049e+02, 6.84830780e+01, 2.37086929e+02,
    7.62393417e+01, 2.53418884e+02, 8.38675919e+01, 2.69359528e+02,
    9.13206329e+01, 2.85055969e+02, 9.86939316e+01, 3.00053253e+02,
    1.05952896e+02, 3.14815430e+02, 1.13009377e+02, 3.28913940e+02,
    4.52983818e+01, 2.25011932e+02, 5.31820793e+01, 2.41475082e+02,
    6.10060959e+01, 2.57705322e+02, 6.86645584e+01, 2.73449799e+02,
    7.62709274e+01, 2.88846313e+02, 8.37493057e+01, 3.03652313e+02,
    9.12090607e+01, 3.18248108e+02, 9.82967529e+01, 3.32053925e+02,
    3.06923141e+01, 2.29428055e+02, 3.86595154e+01, 2.45842346e+02,
    4.64084816e+01, 2.61679321e+02, 5.42216682e+01, 2.77249481e+02,
    6.18311157e+01, 2.92247955e+02, 6.94491959e+01, 3.07065918e+02,
    7.68393021e+01, 3.21226746e+02, 8.42787476e+01, 3.35281738e+02,
    1.65785275e+01, 2.33892380e+02, 2.44392109e+01, 2.49811600e+02,
    3.23199043e+01, 2.65569580e+02, 4.00536613e+01, 2.80692871e+02,
    4.77692451e+01, 2.95682770e+02, 5.54451103e+01, 3.10170868e+02,
    6.29421501e+01, 3.24235199e+02, 7.02319565e+01, 3.37868317e+02 ]
