%YAML:1.0
---
points: [ 1.52387009e+02, 1.89183304e+02, 1.58121658e+02, 2.04268921e+02,
    1.63692612e+02, 2.19148682e+02, 1.69033951e+02, 2.33601669e+02,
    1.74256622e+02, 2.47889191e+02, 1.79272568e+02, 2.61880890e+02,
    1.84139343e+02, 2.75703156e+02, 1.88866302e+02, 2.89272430e+02,
    1.37871689e+02, 1.92974869e+02, 1.43709503e+02, 2.08020187e+02,
    1.49325623e+02, 2.22575180e+02, 1.54811234e+02, 2.36898956e+02,
    1.60131104e+02, 2.51064590e+02, 1.65216125e+02, 2.64895294e+02,
    1.70198898e+02, 2.78636780e+02, 1.75064285e+02, 2.91931213e+02,
    1.23638435e+02, 1.96646027e+02, 1.29553497e+02, 2.11443375e+02,
    1.35243271e+02, 2.26015060e+02, 1.40833145e+02, 2.40191238e+02,
    1.46170197e+02, 2.54189484e+02, 1.51402710e+02, 2.67895844e+02,
    1.56557846e+02, 2.81531616e+02, 1.61513519e+02, 2.94647034e+02,
    1.09697823e+02, 2.00279633e+02, 1.15682053e+02, 2.14983459e+02,
    1.21452278e+02, 2.29322510e+02, 1.27115456e+02, 2.43370422e+02,
    1.32587769e+02, 2.57307037e+02, 1.37803757e+02, 2.70792908e+02,
    1.43025879e+02, 2.84231689e+02, 1.48075989e+02, 2.97311829e+02,
    9.59681091e+01, 2.03914261e+02, 1.02018440e+02, 2.18367188e+02,
    1.07817924e+02, 2.32618347e+02, 1.13521446e+02, 2.46540359e+02,
    1.19095543e+02, 2.60365906e+02, 1.24405319e+02, 2.73875824e+02,
    1.29777817e+02, 2.87125916e+02, 1.35005539e+02, 3.00083008e+02,
    8.26559830e+01, 2.07392227e+02, 8.86741409e+01, 2.21838943e+02,
    9.45414047e+01, 2.35858307e+02, 1.00255165e+02, 2.49722366e+02,
    1.05830734e+02, 2.63330048e+02, 1.11344116e+02, 2.76648407e+02,
    1.16827728e+02, 2.89759003e+02, 1.22147217e+02, 3.02617889e+02,
    6.96425247e+01, 2.10941833e+02, 7.56117096e+01, 2.25111221e+02,
    8.14319153e+01, 2.39139938e+02, 8.72518463e+01, 2.52746902e+02,
    9.29463120e+01, 2.66329773e+02, 9.84237137e+01, 2.79335327e+02,
    1.03976898e+02, 2.92298676e+02, 1.09367790e+02, 3.04897400e+02,
    5.68374939e+01, 2.14332855e+02, 6.27637749e+01, 2.28468201e+02,
    6.86059723e+01, 2.42201324e+02, 7.44427948e+01, 2.55833664e+02,
    8.01167145e+01, 2.69159912e+02, 8.58027420e+01, 2.82109161e+02,
    9.14146118e+01, 2.94823730e+02, 9.70088120e+01, 3.07287750e+02,
    4.45173569e+01, 2.17760422e+02, 5.03717155e+01, 2.31552124e+02,
    5.62892647e+01, 2.45336472e+02, 6.20461235e+01, 2.58769135e+02,
    6.78814774e+01, 2.71946960e+02, 7.35741806e+01, 2.84656952e+02,
    7.93378220e+01, 2.97383514e+02, 8.50351791e+01, 3.09541565e+02,
    3.25938759e+01, 2.20868271e+02, 3.86026077e+01, 2.34752792e+02,
    4.43811836e+01, 2.48151505e+02, 5.02874756e+01, 2.61467346e+02,
    5.61085815e+01, 2.74377838e+02, 6.19058342e+01, 2.87230133e+02,
    6.75702438e+01, 2.99491455e+02, 7.33685150e+01, 3.11788788e+02,
    2.11829777e+01, 2.24240326e+02, 2.69672661e+01, 2.37602829e+02,
    3.29027786e+01, 2.51083450e+02, 3.86532021e+01, 2.63949249e+02,
    4.46077576e+01, 2.76867584e+02, 5.03855820e+01, 2.89220398e+02,
    5.61960106e+01, 3.01782959e+02, 6.17402802e+01, 3.13585999e+02 ]
