%YAML:1.0
---
points: [ 1.92311554e+02, 1.84149643e+02, 1.97089066e+02, 1.99969330e+02,
    2.01705627e+02, 2.15579514e+02, 2.06008560e+02, 2.30770981e+02,
    2.10326584e+02, 2.45746399e+02, 2.14515366e+02, 2.60581573e+02,
    2.18646255e+02, 2.75194336e+02, 2.22646133e+02, 2.89575836e+02,
    1.76564041e+02, 1.87812057e+02, 1.81285339e+02, 2.03592590e+02,
    1.85989883e+02, 2.19042816e+02, 1.90601425e+02, 2.34148178e+02,
    1.95045624e+02, 2.49058228e+02, 1.99313644e+02, 2.63747650e+02,
    2.03522202e+02, 2.78222382e+02, 2.07676178e+02, 2.92516296e+02,
    1.60811798e+02, 1.91518021e+02, 1.65763901e+02, 2.07120743e+02,
    1.70653366e+02, 2.22493408e+02, 1.75288528e+02, 2.37526199e+02,
    1.79745987e+02, 2.52341095e+02, 1.84229828e+02, 2.66868317e+02,
    1.88570312e+02, 2.81276672e+02, 1.92787308e+02, 2.95500397e+02,
    1.45293579e+02, 1.95128189e+02, 1.50392181e+02, 2.10597275e+02,
    1.55349808e+02, 2.25900818e+02, 1.60099533e+02, 2.40780167e+02,
    1.64767380e+02, 2.55555237e+02, 1.69331055e+02, 2.70113617e+02,
    1.73714279e+02, 2.84433350e+02, 1.78111221e+02, 2.98360168e+02,
    1.29910156e+02, 1.98708282e+02, 1.35092361e+02, 2.14178665e+02,
    1.40102661e+02, 2.29314148e+02, 1.45052277e+02, 2.44193665e+02,
    1.49857040e+02, 2.58875031e+02, 1.54518616e+02, 2.73239349e+02,
    1.59009796e+02, 2.87494507e+02, 1.63558319e+02, 3.01310730e+02,
    1.14737434e+02, 2.02197800e+02, 1.19974899e+02, 2.17660980e+02,
    1.25151634e+02, 2.32664688e+02, 1.30178177e+02, 2.47492783e+02,
    1.35022629e+02, 2.62134338e+02, 1.39804245e+02, 2.76351105e+02,
    1.44542709e+02, 2.90541199e+02, 1.49162445e+02, 3.04192841e+02,
    9.97358627e+01, 2.05839279e+02, 1.05101685e+02, 2.21085556e+02,
    1.10256516e+02, 2.36031448e+02, 1.15362808e+02, 2.50687714e+02,
    1.20362816e+02, 2.65244873e+02, 1.25261627e+02, 2.79403412e+02,
    1.30154465e+02, 2.93429108e+02, 1.34851807e+02, 3.06993774e+02,
    8.49778748e+01, 2.09284119e+02, 9.03412018e+01, 2.24544083e+02,
    9.55833817e+01, 2.39274399e+02, 1.00706047e+02, 2.54028137e+02,
    1.05800522e+02, 2.68305084e+02, 1.10825119e+02, 2.82416229e+02,
    1.15858231e+02, 2.96348450e+02, 1.20769447e+02, 3.09779999e+02,
    7.04362335e+01, 2.12886383e+02, 7.58121719e+01, 2.27809799e+02,
    8.12015610e+01, 2.42655853e+02, 8.63783875e+01, 2.57184418e+02,
    9.16363525e+01, 2.71482941e+02, 9.67316132e+01, 2.85342285e+02,
    1.01912392e+02, 2.99089478e+02, 1.06922638e+02, 3.12412933e+02,
    5.64146805e+01, 2.16139343e+02, 6.17993813e+01, 2.31098816e+02,
    6.71426163e+01, 2.45768448e+02, 7.25330887e+01, 2.60206970e+02,
    7.77893219e+01, 2.74271454e+02, 8.30698929e+01, 2.88168182e+02,
    8.81774826e+01, 3.01618195e+02, 9.34609299e+01, 3.14872040e+02,
    4.25216942e+01, 2.19624298e+02, 4.79482117e+01, 2.34296219e+02,
    5.34965248e+01, 2.48902496e+02, 5.87896576e+01, 2.63044922e+02,
    6.41693878e+01, 2.77023041e+02, 6.95815201e+01, 2.90692017e+02,
    7.48992844e+01, 3.04307678e+02, 8.00790787e+01, 3.17447296e+02 ]
