%YAML:1.0
---
points: [ 2.47244339e+02, 1.81849915e+02, 2.51828308e+02, 1.98645630e+02,
    2.56216187e+02, 2.14998764e+02, 2.60574280e+02, 2.30969742e+02,
    2.64785004e+02, 2.46647644e+02, 2.68890808e+02, 2.62006042e+02,
    2.72868317e+02, 2.77131439e+02, 2.76833435e+02, 2.91916382e+02,
    2.30080124e+02, 1.85813919e+02, 2.34839493e+02, 2.02478653e+02,
    2.39438950e+02, 2.18659927e+02, 2.43923187e+02, 2.34463959e+02,
    2.48299500e+02, 2.49998856e+02, 2.52551285e+02, 2.65261963e+02,
    2.56678162e+02, 2.80199615e+02, 2.60728333e+02, 2.94912231e+02,
    2.13089676e+02, 1.89824966e+02, 2.18116211e+02, 2.06211334e+02,
    2.22878220e+02, 2.22274902e+02, 2.27560425e+02, 2.37913513e+02,
    2.32027679e+02, 2.53395584e+02, 2.36419647e+02, 2.68447754e+02,
    2.40759262e+02, 2.83363037e+02, 2.44956253e+02, 2.97847595e+02,
    1.96515854e+02, 1.93644867e+02, 2.01596268e+02, 2.09927475e+02,
    2.06574707e+02, 2.25895828e+02, 2.11367691e+02, 2.41437820e+02,
    2.16058807e+02, 2.56683014e+02, 2.20531326e+02, 2.71636993e+02,
    2.25015945e+02, 2.86409790e+02, 2.29357651e+02, 3.00824280e+02,
    1.79912125e+02, 1.97504684e+02, 1.85272141e+02, 2.13634888e+02,
    1.90361664e+02, 2.29415359e+02, 1.95316162e+02, 2.44821075e+02,
    2.00142288e+02, 2.59993561e+02, 2.04817276e+02, 2.74919159e+02,
    2.09391541e+02, 2.89448822e+02, 2.13909851e+02, 3.03659119e+02,
    1.63764481e+02, 2.01209808e+02, 1.69193787e+02, 2.17231903e+02,
    1.74428299e+02, 2.33035202e+02, 1.79542786e+02, 2.48279968e+02,
    1.84494980e+02, 2.63345123e+02, 1.89316330e+02, 2.78111816e+02,
    1.94110733e+02, 2.92582123e+02, 1.98658524e+02, 3.06526917e+02,
    1.47714142e+02, 2.05034149e+02, 1.53228973e+02, 2.20951050e+02,
    1.58639374e+02, 2.36546860e+02, 1.63864243e+02, 2.51726395e+02,
    1.69009827e+02, 2.66678314e+02, 1.73935547e+02, 2.81252045e+02,
    1.78858994e+02, 2.95542023e+02, 1.83635788e+02, 3.09362183e+02,
    1.31752304e+02, 2.08675110e+02, 1.37463409e+02, 2.24516235e+02,
    1.42934067e+02, 2.39971954e+02, 1.48317093e+02, 2.55094971e+02,
    1.53506378e+02, 2.69846863e+02, 1.58644089e+02, 2.84274170e+02,
    1.63732391e+02, 2.98429413e+02, 1.68693085e+02, 3.12093445e+02,
    1.16208130e+02, 2.12408386e+02, 1.21887070e+02, 2.28041061e+02,
    1.27559586e+02, 2.43460678e+02, 1.33013397e+02, 2.58379425e+02,
    1.38413849e+02, 2.73057800e+02, 1.43694458e+02, 2.87280670e+02,
    1.48945679e+02, 3.01302460e+02, 1.54055771e+02, 3.14782196e+02,
    1.00908340e+02, 2.15931808e+02, 1.06762199e+02, 2.31497009e+02,
    1.12516449e+02, 2.46668854e+02, 1.18123947e+02, 2.61440826e+02,
    1.23728325e+02, 2.76146362e+02, 1.29065872e+02, 2.90127533e+02,
    1.34434509e+02, 3.04140930e+02, 1.39768478e+02, 3.17414856e+02,
    8.57830811e+01, 2.19547287e+02, 9.17181854e+01, 2.34812271e+02,
    9.75945816e+01, 2.49933456e+02, 1.03366005e+02, 2.64520966e+02,
    1.09064651e+02, 2.78939026e+02, 1.14636681e+02, 2.92870880e+02,
    1.20127899e+02, 3.06606659e+02, 1.25423279e+02, 3.20066376e+02 ]
