%YAML:1.0
---
points: [ 3.51159576e+02, 1.67812653e+02, 3.53866577e+02, 1.85333954e+02,
    3.56497498e+02, 2.02296173e+02, 3.59033722e+02, 2.18969681e+02,
    3.61659119e+02, 2.35232239e+02, 3.64168152e+02, 2.51286255e+02,
    3.66688019e+02, 2.67060303e+02, 3.69161652e+02, 2.82628723e+02,
    3.32807343e+02, 1.71641098e+02, 3.35642456e+02, 1.88822662e+02,
    3.38487823e+02, 2.05698608e+02, 3.41217468e+02, 2.22235611e+02,
    3.44054565e+02, 2.38467072e+02, 3.46744812e+02, 2.54320541e+02,
    3.49447083e+02, 2.70003876e+02, 3.52059937e+02, 2.85305420e+02,
    3.14618683e+02, 1.75293610e+02, 3.17717316e+02, 1.92399673e+02,
    3.20738739e+02, 2.09032791e+02, 3.23733154e+02, 2.25391754e+02,
    3.26667389e+02, 2.41516037e+02, 3.29622681e+02, 2.57309998e+02,
    3.32487701e+02, 2.72807831e+02, 3.35256287e+02, 2.88011078e+02,
    2.96817963e+02, 1.78877853e+02, 3.00134583e+02, 1.95884323e+02,
    3.03367035e+02, 2.12417206e+02, 3.06462585e+02, 2.28545242e+02,
    3.09621704e+02, 2.44634979e+02, 3.12718842e+02, 2.60330811e+02,
    3.15765564e+02, 2.75690704e+02, 3.18687439e+02, 2.90792572e+02,
    2.79209900e+02, 1.82498871e+02, 2.82690399e+02, 1.99247147e+02,
    2.86093719e+02, 2.15753647e+02, 2.89382996e+02, 2.31891144e+02,
    2.92743164e+02, 2.47740326e+02, 2.95999237e+02, 2.63237976e+02,
    2.99143341e+02, 2.78667816e+02, 3.02213470e+02, 2.93630890e+02,
    2.62031006e+02, 1.85909912e+02, 2.65558716e+02, 2.02713440e+02,
    2.69147614e+02, 2.18993637e+02, 2.72618317e+02, 2.35016998e+02,
    2.76079651e+02, 2.50770813e+02, 2.79402618e+02, 2.66230774e+02,
    2.82744354e+02, 2.81392303e+02, 2.85967316e+02, 2.96245300e+02,
    2.44815445e+02, 1.89489487e+02, 2.48684082e+02, 2.06049423e+02,
    2.52314926e+02, 2.22310165e+02, 2.55987640e+02, 2.38207077e+02,
    2.59583832e+02, 2.53822800e+02, 2.63069702e+02, 2.69200775e+02,
    2.66453613e+02, 2.84273468e+02, 2.69811829e+02, 2.98997589e+02,
    2.27821335e+02, 1.93012573e+02, 2.31814499e+02, 2.09392105e+02,
    2.35665741e+02, 2.25594162e+02, 2.39435913e+02, 2.41408829e+02,
    2.43151947e+02, 2.56944702e+02, 2.46724945e+02, 2.72047455e+02,
    2.50312180e+02, 2.87018921e+02, 2.53815643e+02, 3.01586792e+02,
    2.11129013e+02, 1.96363159e+02, 2.15210846e+02, 2.12751907e+02,
    2.19139923e+02, 2.28759827e+02, 2.23057892e+02, 2.44514297e+02,
    2.26899506e+02, 2.59906006e+02, 2.30715286e+02, 2.75038544e+02,
    2.34417480e+02, 2.89918823e+02, 2.38032715e+02, 3.04406128e+02,
    1.94601944e+02, 1.99692841e+02, 1.98809525e+02, 2.16026337e+02,
    2.02918839e+02, 2.31938782e+02, 2.06930939e+02, 2.47571777e+02,
    2.10956360e+02, 2.62885101e+02, 2.14830826e+02, 2.77840485e+02,
    2.18679932e+02, 2.92593109e+02, 2.22432556e+02, 3.06958740e+02,
    1.77905304e+02, 2.03057877e+02, 1.82254074e+02, 2.19239670e+02,
    1.86602783e+02, 2.35000092e+02, 1.90786850e+02, 2.50462189e+02,
    1.94953094e+02, 2.65788574e+02, 1.98955917e+02, 2.80601685e+02,
    2.02920715e+02, 2.95209747e+02, 2.06774216e+02, 3.09656403e+02 ]
