%YAML:1.0
---
points: [ 3.55802002e+02, 1.72179169e+02, 3.58423767e+02, 1.88107742e+02,
    3.60973297e+02, 2.03528259e+02, 3.63467041e+02, 2.18762085e+02,
    3.65899109e+02, 2.33567749e+02, 3.68421478e+02, 2.48255524e+02,
    3.70835541e+02, 2.62591888e+02, 3.73227112e+02, 2.76647308e+02,
    3.38882233e+02, 1.75871033e+02, 3.41627228e+02, 1.91609253e+02,
    3.44320129e+02, 2.06965988e+02, 3.46982361e+02, 2.22039551e+02,
    3.49729095e+02, 2.36819244e+02, 3.52362213e+02, 2.51374069e+02,
    3.55012665e+02, 2.65552704e+02, 3.57554810e+02, 2.79603241e+02,
    3.22044464e+02, 1.79554062e+02, 3.25043610e+02, 1.95127823e+02,
    3.27917175e+02, 2.10323334e+02, 3.30881012e+02, 2.25222153e+02,
    3.33736359e+02, 2.40044434e+02, 3.36612427e+02, 2.54306961e+02,
    3.39348389e+02, 2.68578461e+02, 3.42080872e+02, 2.82378845e+02,
    3.05641693e+02, 1.83087479e+02, 3.08771515e+02, 1.98562973e+02,
    3.11922272e+02, 2.13752258e+02, 3.14950134e+02, 2.28434402e+02,
    3.17999451e+02, 2.43054626e+02, 3.20950531e+02, 2.57320465e+02,
    3.23871399e+02, 2.71395935e+02, 3.26728760e+02, 2.85109650e+02,
    2.89347504e+02, 1.86705902e+02, 2.92722504e+02, 2.02018616e+02,
    2.95905548e+02, 2.16923599e+02, 2.99178711e+02, 2.31703690e+02,
    3.02388550e+02, 2.46218094e+02, 3.05507782e+02, 2.60395081e+02,
    3.08522858e+02, 2.74371918e+02, 3.11519073e+02, 2.88002289e+02,
    2.73315857e+02, 1.90143188e+02, 2.76817627e+02, 2.05356339e+02,
    2.80331573e+02, 2.20254623e+02, 2.83656708e+02, 2.34875244e+02,
    2.86980194e+02, 2.49265884e+02, 2.90270508e+02, 2.63380920e+02,
    2.93424957e+02, 2.77167328e+02, 2.96563324e+02, 2.90745636e+02,
    2.57527283e+02, 1.93638565e+02, 2.61183838e+02, 2.08731430e+02,
    2.64760315e+02, 2.23602798e+02, 2.68274078e+02, 2.38066727e+02,
    2.71721069e+02, 2.52333405e+02, 2.75130524e+02, 2.66312042e+02,
    2.78403839e+02, 2.80044189e+02, 2.81677277e+02, 2.93455505e+02,
    2.41796417e+02, 1.97024109e+02, 2.45596329e+02, 2.12159439e+02,
    2.49352097e+02, 2.26748367e+02, 2.52995468e+02, 2.41327820e+02,
    2.56513702e+02, 2.55423950e+02, 2.60046082e+02, 2.69356873e+02,
    2.63456512e+02, 2.82833160e+02, 2.66840149e+02, 2.96218475e+02,
    2.26300400e+02, 2.00431793e+02, 2.30193771e+02, 2.15476654e+02,
    2.34075378e+02, 2.30011810e+02, 2.37787521e+02, 2.44435562e+02,
    2.41536255e+02, 2.58499268e+02, 2.45140457e+02, 2.72271576e+02,
    2.48736008e+02, 2.85813934e+02, 2.52248749e+02, 2.98906555e+02,
    2.11019775e+02, 2.03712204e+02, 2.14983536e+02, 2.18642883e+02,
    2.19070648e+02, 2.33154190e+02, 2.22959000e+02, 2.47465485e+02,
    2.26780945e+02, 2.61448547e+02, 2.30539261e+02, 2.75097473e+02,
    2.34210907e+02, 2.88479614e+02, 2.37856476e+02, 3.01522675e+02,
    1.95569229e+02, 2.07105728e+02, 1.99849655e+02, 2.21936981e+02,
    2.03921005e+02, 2.36280563e+02, 2.07964203e+02, 2.50389755e+02,
    2.11918549e+02, 2.64255707e+02, 2.15869263e+02, 2.77810852e+02,
    2.19576309e+02, 2.91040588e+02, 2.23331192e+02, 3.04187317e+02 ]
