%YAML:1.0
---
points: [ 2.97774719e+02, 1.77037445e+02, 3.01621216e+02, 1.92088287e+02,
    3.05279694e+02, 2.06782791e+02, 3.08991577e+02, 2.21270325e+02,
    3.12588440e+02, 2.35359344e+02, 3.16155060e+02, 2.49366760e+02,
    3.19584503e+02, 2.63101410e+02, 3.23071289e+02, 2.76605682e+02,
    2.82038300e+02, 1.80928787e+02, 2.86057922e+02, 1.95746597e+02,
    2.89833954e+02, 2.10330399e+02, 2.93619080e+02, 2.24578323e+02,
    2.97388397e+02, 2.38606369e+02, 3.01062225e+02, 2.52492386e+02,
    3.04613983e+02, 2.65968750e+02, 3.08172272e+02, 2.79368866e+02,
    2.66597656e+02, 1.84687454e+02, 2.70710815e+02, 1.99293610e+02,
    2.74739532e+02, 2.13807266e+02, 2.78629791e+02, 2.27772797e+02,
    2.82453827e+02, 2.41798035e+02, 2.86234528e+02, 2.55473465e+02,
    2.89951263e+02, 2.68870270e+02, 2.93591492e+02, 2.82129395e+02,
    2.51475449e+02, 1.88298279e+02, 2.55682465e+02, 2.02904556e+02,
    2.59783142e+02, 2.17202713e+02, 2.63889465e+02, 2.31130234e+02,
    2.67844940e+02, 2.44926559e+02, 2.71676300e+02, 2.58428070e+02,
    2.75543488e+02, 2.71830963e+02, 2.79205658e+02, 2.84843536e+02,
    2.36468536e+02, 1.92032684e+02, 2.40964691e+02, 2.06321732e+02,
    2.45099670e+02, 2.20587540e+02, 2.49289459e+02, 2.34356995e+02,
    2.53353210e+02, 2.48045807e+02, 2.57373749e+02, 2.61491516e+02,
    2.61242523e+02, 2.74659973e+02, 2.65142670e+02, 2.87612213e+02,
    2.21982742e+02, 1.95529510e+02, 2.26378204e+02, 2.09871796e+02,
    2.30744522e+02, 2.23857346e+02, 2.35056046e+02, 2.37652618e+02,
    2.39183914e+02, 2.51198990e+02, 2.43254639e+02, 2.64437469e+02,
    2.47318985e+02, 2.77539307e+02, 2.51276077e+02, 2.90261444e+02,
    2.07466202e+02, 1.99067307e+02, 2.12053650e+02, 2.13325073e+02,
    2.16544067e+02, 2.27202271e+02, 2.20902451e+02, 2.40814911e+02,
    2.25131836e+02, 2.54213913e+02, 2.29356735e+02, 2.67382996e+02,
    2.33451508e+02, 2.80254974e+02, 2.37477859e+02, 2.92831116e+02,
    1.93197327e+02, 2.02537338e+02, 1.97857178e+02, 2.16690979e+02,
    2.02400070e+02, 2.30442291e+02, 2.06835724e+02, 2.43965057e+02,
    2.11241180e+02, 2.57340759e+02, 2.15530533e+02, 2.70255310e+02,
    2.19741058e+02, 2.83083191e+02, 2.23894043e+02, 2.95519775e+02,
    1.79092468e+02, 2.06098846e+02, 1.83968369e+02, 2.20002304e+02,
    1.88585236e+02, 2.33765854e+02, 1.93081451e+02, 2.47195236e+02,
    1.97574921e+02, 2.60336884e+02, 2.01940948e+02, 2.73181244e+02,
    2.06303726e+02, 2.85869995e+02, 2.10541672e+02, 2.98220490e+02,
    1.65411026e+02, 2.09355377e+02, 1.70160980e+02, 2.23237305e+02,
    1.74970795e+02, 2.36791641e+02, 1.79588669e+02, 2.50101654e+02,
    1.84185822e+02, 2.63102570e+02, 1.88745087e+02, 2.75970612e+02,
    1.93073364e+02, 2.88544312e+02, 1.97491638e+02, 3.00704742e+02,
    1.51592072e+02, 2.12820923e+02, 1.56579269e+02, 2.26499908e+02,
    1.61442902e+02, 2.39939682e+02, 1.66132858e+02, 2.53039749e+02,
    1.70874710e+02, 2.65930695e+02, 1.75476517e+02, 2.78684204e+02,
    1.80031265e+02, 2.91060486e+02, 1.84338226e+02, 3.03197723e+02 ]
