%YAML:1.0
---
points: [ 2.50152496e+02, 1.78635818e+02, 2.54929153e+02, 1.93272156e+02,
    2.59521851e+02, 2.07676117e+02, 2.64064819e+02, 2.21745316e+02,
    2.68546906e+02, 2.35735306e+02, 2.72824921e+02, 2.49439240e+02,
    2.77083282e+02, 2.62958130e+02, 2.81232178e+02, 2.76323059e+02,
    2.35522278e+02, 1.82673828e+02, 2.40369339e+02, 1.97168854e+02,
    2.45107391e+02, 2.11331406e+02, 2.49686447e+02, 2.25289001e+02,
    2.54240479e+02, 2.39043533e+02, 2.58578796e+02, 2.52619324e+02,
    2.62934723e+02, 2.66005768e+02, 2.67192047e+02, 2.79231812e+02,
    2.21161514e+02, 1.86673981e+02, 2.26124634e+02, 2.00912918e+02,
    2.30957397e+02, 2.15004333e+02, 2.35643997e+02, 2.28707779e+02,
    2.40170059e+02, 2.42329239e+02, 2.44683029e+02, 2.55756180e+02,
    2.49118439e+02, 2.69051575e+02, 2.53383408e+02, 2.82066895e+02,
    2.07200806e+02, 1.90452713e+02, 2.12192749e+02, 2.04545044e+02,
    2.17099777e+02, 2.18536575e+02, 2.21823456e+02, 2.32099777e+02,
    2.26553558e+02, 2.45622559e+02, 2.31087402e+02, 2.58849854e+02,
    2.35549164e+02, 2.71941010e+02, 2.39877487e+02, 2.84798218e+02,
    1.93415604e+02, 1.94331360e+02, 1.98535950e+02, 2.08214340e+02,
    2.03474976e+02, 2.21997940e+02, 2.08276749e+02, 2.35473495e+02,
    2.13010132e+02, 2.48884018e+02, 2.17670425e+02, 2.61943542e+02,
    2.22138550e+02, 2.74896057e+02, 2.26652267e+02, 2.87690094e+02,
    1.79871826e+02, 1.97995804e+02, 1.85029175e+02, 2.11841034e+02,
    1.90019516e+02, 2.25527893e+02, 1.94944809e+02, 2.38820816e+02,
    1.99764267e+02, 2.52052048e+02, 2.04501068e+02, 2.65049469e+02,
    2.09108521e+02, 2.77805756e+02, 2.13625519e+02, 2.90327087e+02,
    1.66591904e+02, 2.01703125e+02, 1.71817825e+02, 2.15292892e+02,
    1.76837402e+02, 2.28912582e+02, 1.81805344e+02, 2.42147797e+02,
    1.86640137e+02, 2.55175049e+02, 1.91416092e+02, 2.68042328e+02,
    1.96072220e+02, 2.80649841e+02, 2.00753204e+02, 2.93021515e+02,
    1.53522430e+02, 2.05364182e+02, 1.58719482e+02, 2.18862213e+02,
    1.63822891e+02, 2.32237213e+02, 1.68764664e+02, 2.45328064e+02,
    1.73705353e+02, 2.58292542e+02, 1.78615265e+02, 2.70910797e+02,
    1.83388596e+02, 2.83417328e+02, 1.88051620e+02, 2.95583740e+02,
    1.40705109e+02, 2.08825668e+02, 1.45862564e+02, 2.22327652e+02,
    1.51017609e+02, 2.35535294e+02, 1.56095291e+02, 2.48562668e+02,
    1.61046005e+02, 2.61219696e+02, 1.66055283e+02, 2.73773529e+02,
    1.70824722e+02, 2.86071777e+02, 1.75679443e+02, 2.98277100e+02,
    1.28189148e+02, 2.12246399e+02, 1.33374115e+02, 2.25600067e+02,
    1.38707428e+02, 2.38604996e+02, 1.43714554e+02, 2.51530243e+02,
    1.48781998e+02, 2.64135010e+02, 1.53775345e+02, 2.76497833e+02,
    1.58700577e+02, 2.88696594e+02, 1.63632339e+02, 3.00694519e+02,
    1.15747162e+02, 2.15779892e+02, 1.21068665e+02, 2.28855392e+02,
    1.26402847e+02, 2.41848389e+02, 1.31504074e+02, 2.54502258e+02,
    1.36694595e+02, 2.67004974e+02, 1.41741669e+02, 2.79064392e+02,
    1.46670395e+02, 2.91210175e+02, 1.51593658e+02, 3.03195862e+02 ]
