%YAML:1.0
---
points: [ 1.93651413e+02, 1.80316650e+02, 1.99085159e+02, 1.95094208e+02,
    2.04407455e+02, 2.09485901e+02, 2.09604630e+02, 2.23614304e+02,
    2.14670944e+02, 2.37507294e+02, 2.19560074e+02, 2.51232498e+02,
    2.24287613e+02, 2.64770935e+02, 2.28933578e+02, 2.78063721e+02,
    1.79636200e+02, 1.84393509e+02, 1.85188354e+02, 1.98812973e+02,
    1.90565903e+02, 2.13113663e+02, 1.95825623e+02, 2.27066498e+02,
    2.00971329e+02, 2.40790756e+02, 2.05788055e+02, 2.54296234e+02,
    2.10712189e+02, 2.67691620e+02, 2.15437653e+02, 2.80771973e+02,
    1.65831558e+02, 1.88259323e+02, 1.71534515e+02, 2.02459488e+02,
    1.77007263e+02, 2.16591568e+02, 1.82298584e+02, 2.30421906e+02,
    1.87458145e+02, 2.43991379e+02, 1.92499405e+02, 2.57498657e+02,
    1.97349167e+02, 2.70578156e+02, 2.02214508e+02, 2.83546112e+02,
    1.52486237e+02, 1.92066376e+02, 1.58002396e+02, 2.06176117e+02,
    1.63698914e+02, 2.20092331e+02, 1.69031128e+02, 2.33703964e+02,
    1.74268311e+02, 2.47149796e+02, 1.79347061e+02, 2.60427490e+02,
    1.84334778e+02, 2.73382263e+02, 1.89304977e+02, 2.86273773e+02,
    1.39219376e+02, 1.95777328e+02, 1.44975357e+02, 2.09741867e+02,
    1.50609406e+02, 2.23536850e+02, 1.55996109e+02, 2.37048981e+02,
    1.61299774e+02, 2.50345871e+02, 1.66444183e+02, 2.63447388e+02,
    1.71503983e+02, 2.76334991e+02, 1.76499969e+02, 2.88941315e+02,
    1.26349716e+02, 1.99389481e+02, 1.32085892e+02, 2.13280731e+02,
    1.37778809e+02, 2.26896317e+02, 1.43172501e+02, 2.40232910e+02,
    1.48591736e+02, 2.53388992e+02, 1.53776443e+02, 2.66317902e+02,
    1.59001175e+02, 2.79079651e+02, 1.64098679e+02, 2.91542450e+02,
    1.13742691e+02, 2.03025818e+02, 1.19510521e+02, 2.16755325e+02,
    1.25090561e+02, 2.30208557e+02, 1.30647736e+02, 2.43393738e+02,
    1.36007645e+02, 2.56395416e+02, 1.41360443e+02, 2.69309570e+02,
    1.46625992e+02, 2.81757050e+02, 1.51750107e+02, 2.94040894e+02,
    1.01339729e+02, 2.06564590e+02, 1.07048248e+02, 2.20129486e+02,
    1.12778786e+02, 2.33523697e+02, 1.18297371e+02, 2.46569000e+02,
    1.23725845e+02, 2.59369934e+02, 1.29153442e+02, 2.72049591e+02,
    1.34462067e+02, 2.84406830e+02, 1.39675980e+02, 2.96402588e+02,
    8.93374252e+01, 2.10128403e+02, 9.50956268e+01, 2.23431274e+02,
    1.00693695e+02, 2.36660248e+02, 1.06273293e+02, 2.49462036e+02,
    1.11785904e+02, 2.62313507e+02, 1.17223686e+02, 2.74671722e+02,
    1.22622116e+02, 2.86936798e+02, 1.27926178e+02, 2.98801636e+02,
    7.76310883e+01, 2.13433624e+02, 8.34265213e+01, 2.26648254e+02,
    8.91001282e+01, 2.39595734e+02, 9.47120590e+01, 2.52356552e+02,
    1.00249138e+02, 2.65024292e+02, 1.05763023e+02, 2.77249908e+02,
    1.11173012e+02, 2.89212616e+02, 1.16676323e+02, 3.01203278e+02,
    6.62561722e+01, 2.16764252e+02, 7.19946823e+01, 2.29728561e+02,
    7.77312927e+01, 2.42615631e+02, 8.32977524e+01, 2.55154221e+02,
    8.89974518e+01, 2.67548248e+02, 9.44262466e+01, 2.79561096e+02,
    9.99951096e+01, 2.91655487e+02, 1.05277557e+02, 3.03189148e+02 ]
