%YAML:1.0
---
points: [ 2.18283615e+02, 1.85957489e+02, 2.20698685e+02, 2.01003494e+02,
    2.22954041e+02, 2.15896332e+02, 2.25137878e+02, 2.30086685e+02,
    2.27294891e+02, 2.44020569e+02, 2.29295486e+02, 2.57840149e+02,
    2.31240112e+02, 2.71395874e+02, 2.33156647e+02, 2.84511292e+02,
    2.03122360e+02, 1.86949280e+02, 2.05724045e+02, 2.01835022e+02,
    2.08139404e+02, 2.16474625e+02, 2.10520828e+02, 2.30547806e+02,
    2.12802017e+02, 2.44571533e+02, 2.14962692e+02, 2.58108093e+02,
    2.17086838e+02, 2.71596130e+02, 2.19059692e+02, 2.84578094e+02,
    1.88173996e+02, 1.87767090e+02, 1.90972031e+02, 2.02678970e+02,
    1.93681290e+02, 2.16943558e+02, 1.96137909e+02, 2.31098282e+02,
    1.98615402e+02, 2.44959763e+02, 2.00871124e+02, 2.58479584e+02,
    2.03111420e+02, 2.71882263e+02, 2.05263916e+02, 2.84602753e+02,
    1.73600815e+02, 1.88725052e+02, 1.76432190e+02, 2.03273178e+02,
    1.79279526e+02, 2.17661133e+02, 1.81983475e+02, 2.31731750e+02,
    1.84576996e+02, 2.45451920e+02, 1.86960541e+02, 2.58801758e+02,
    1.89340225e+02, 2.72060760e+02, 1.91681305e+02, 2.84838318e+02,
    1.59120117e+02, 1.89549484e+02, 1.62187500e+02, 2.04035995e+02,
    1.65120865e+02, 2.18409195e+02, 1.67961151e+02, 2.32328110e+02,
    1.70653503e+02, 2.45950302e+02, 1.73209518e+02, 2.59186401e+02,
    1.75772751e+02, 2.72293793e+02, 1.78246628e+02, 2.85039703e+02,
    1.44946930e+02, 1.90384308e+02, 1.48191071e+02, 2.04894974e+02,
    1.51252411e+02, 2.18957153e+02, 1.54190231e+02, 2.32802292e+02,
    1.56999863e+02, 2.46485199e+02, 1.59703217e+02, 2.59577179e+02,
    1.62420181e+02, 2.72625458e+02, 1.65134644e+02, 2.85125336e+02,
    1.31002258e+02, 1.91214127e+02, 1.34326675e+02, 2.05611633e+02,
    1.37379532e+02, 2.19682098e+02, 1.40498688e+02, 2.33451828e+02,
    1.43521759e+02, 2.46907501e+02, 1.46399109e+02, 2.59836029e+02,
    1.49266998e+02, 2.72713623e+02, 1.52085892e+02, 2.85025024e+02,
    1.17228966e+02, 1.92040405e+02, 1.20672653e+02, 2.06481491e+02,
    1.23927956e+02, 2.20269592e+02, 1.27052277e+02, 2.33883209e+02,
    1.30177933e+02, 2.47376404e+02, 1.33210205e+02, 2.60224579e+02,
    1.36249985e+02, 2.72731354e+02, 1.39270966e+02, 2.85158783e+02,
    1.03818092e+02, 1.92936874e+02, 1.07329201e+02, 2.07088486e+02,
    1.10585655e+02, 2.20920639e+02, 1.13893623e+02, 2.34617111e+02,
    1.17194260e+02, 2.47822037e+02, 1.20369675e+02, 2.60560364e+02,
    1.23544945e+02, 2.73053955e+02, 1.26550941e+02, 2.85375763e+02,
    9.07588043e+01, 1.93798676e+02, 9.42195511e+01, 2.07735352e+02,
    9.77242126e+01, 2.21674271e+02, 1.01166878e+02, 2.34820343e+02,
    1.04564850e+02, 2.47919266e+02, 1.08008324e+02, 2.60896240e+02,
    1.11123192e+02, 2.73267822e+02, 1.14400604e+02, 2.85325500e+02,
    7.77255096e+01, 1.94684723e+02, 8.14096603e+01, 2.08496994e+02,
    8.50827255e+01, 2.22094131e+02, 8.85663452e+01, 2.35256302e+02,
    9.21157150e+01, 2.48304001e+02, 9.55326309e+01, 2.60906219e+02,
    9.89174576e+01, 2.73157867e+02, 1.02187279e+02, 2.85185486e+02 ]
