%YAML:1.0
---
points: [ 2.32111160e+02, 1.94907883e+02, 2.32398605e+02, 2.09654266e+02,
    2.32688507e+02, 2.23980148e+02, 2.32935226e+02, 2.37798492e+02,
    2.33209198e+02, 2.51406937e+02, 2.33459335e+02, 2.64479462e+02,
    2.33552338e+02, 2.77516846e+02, 2.33618591e+02, 2.89965271e+02,
    2.16529541e+02, 1.93433899e+02, 2.17191895e+02, 2.08221222e+02,
    2.17653885e+02, 2.22333679e+02, 2.18154007e+02, 2.36163101e+02,
    2.18577194e+02, 2.49704147e+02, 2.18937820e+02, 2.62873932e+02,
    2.19323563e+02, 2.75664764e+02, 2.19648346e+02, 2.88178436e+02,
    2.01264679e+02, 1.92192429e+02, 2.02175232e+02, 2.06827850e+02,
    2.02819290e+02, 2.20954987e+02, 2.03495285e+02, 2.34641098e+02,
    2.04215927e+02, 2.48099106e+02, 2.04788788e+02, 2.61318939e+02,
    2.05295517e+02, 2.74028412e+02, 2.05805252e+02, 2.86319946e+02,
    1.86212433e+02, 1.90978104e+02, 1.87149994e+02, 2.05290253e+02,
    1.88288910e+02, 2.19551620e+02, 1.89175339e+02, 2.33272888e+02,
    1.90044174e+02, 2.46599808e+02, 1.90760025e+02, 2.59697662e+02,
    1.91399887e+02, 2.72320557e+02, 1.92161041e+02, 2.84650909e+02,
    1.71293411e+02, 1.89585602e+02, 1.72594360e+02, 2.04052811e+02,
    1.73751785e+02, 2.18273209e+02, 1.74925827e+02, 2.31916565e+02,
    1.75895660e+02, 2.45284119e+02, 1.76779602e+02, 2.58251160e+02,
    1.77743469e+02, 2.70757629e+02, 1.78733383e+02, 2.83065979e+02,
    1.56589615e+02, 1.88367142e+02, 1.58073456e+02, 2.02904877e+02,
    1.59430237e+02, 2.16913910e+02, 1.60746628e+02, 2.30524414e+02,
    1.62017914e+02, 2.43853302e+02, 1.63211121e+02, 2.56730164e+02,
    1.64318573e+02, 2.69254395e+02, 1.65413345e+02, 2.81342529e+02,
    1.42120621e+02, 1.87187439e+02, 1.43863770e+02, 2.01645645e+02,
    1.45296661e+02, 2.15506805e+02, 1.46840073e+02, 2.29246323e+02,
    1.48214996e+02, 2.42437439e+02, 1.49610565e+02, 2.55223068e+02,
    1.50997711e+02, 2.67676208e+02, 1.52332504e+02, 2.79757477e+02,
    1.27803185e+02, 1.85942352e+02, 1.29684021e+02, 2.00451447e+02,
    1.31313965e+02, 2.14345184e+02, 1.32982803e+02, 2.27833694e+02,
    1.34593491e+02, 2.41014160e+02, 1.36166153e+02, 2.53777786e+02,
    1.37798508e+02, 2.66117859e+02, 1.39440659e+02, 2.78119873e+02,
    1.13785187e+02, 1.84929596e+02, 1.15695946e+02, 1.99175461e+02,
    1.17647125e+02, 2.13196487e+02, 1.19458145e+02, 2.26561844e+02,
    1.21246292e+02, 2.39683792e+02, 1.23050865e+02, 2.52250061e+02,
    1.24779495e+02, 2.64466431e+02, 1.26561661e+02, 2.76488739e+02,
    1.00135490e+02, 1.83765213e+02, 1.02141922e+02, 1.97961868e+02,
    1.04306877e+02, 2.11694305e+02, 1.06282921e+02, 2.25231506e+02,
    1.08279915e+02, 2.38157745e+02, 1.10236328e+02, 2.50717041e+02,
    1.12163841e+02, 2.63030731e+02, 1.14096420e+02, 2.74715729e+02,
    8.65435638e+01, 1.82693695e+02, 8.88328781e+01, 1.96712570e+02,
    9.10759583e+01, 2.10415115e+02, 9.32385712e+01, 2.23759583e+02,
    9.53987808e+01, 2.36591721e+02, 9.76332932e+01, 2.49144028e+02,
    9.96953888e+01, 2.61359253e+02, 1.01675697e+02, 2.72997009e+02 ]
