%YAML:1.0
---
points: [ 2.31864594e+02, 1.85371643e+02, 2.32811066e+02, 2.00410339e+02,
    2.33633789e+02, 2.15364014e+02, 2.34447906e+02, 2.29891327e+02,
    2.35231842e+02, 2.44333328e+02, 2.35859192e+02, 2.58792206e+02,
    2.36596649e+02, 2.72950012e+02, 2.37251114e+02, 2.86856262e+02,
    2.17114288e+02, 1.85503540e+02, 2.18008377e+02, 2.00506760e+02,
    2.18986542e+02, 2.15175690e+02, 2.19924454e+02, 2.29803085e+02,
    2.20697861e+02, 2.44120193e+02, 2.21490036e+02, 2.58315704e+02,
    2.22311401e+02, 2.72385315e+02, 2.23060257e+02, 2.86338623e+02,
    2.02353867e+02, 1.85661713e+02, 2.03395325e+02, 2.00574936e+02,
    2.04556290e+02, 2.15129837e+02, 2.05474350e+02, 2.29696686e+02,
    2.06402573e+02, 2.43880096e+02, 2.07364548e+02, 2.58060089e+02,
    2.08270279e+02, 2.72117676e+02, 2.09118011e+02, 2.85952789e+02,
    1.88028488e+02, 1.85734222e+02, 1.89187485e+02, 2.00655914e+02,
    1.90303619e+02, 2.15069489e+02, 1.91433609e+02, 2.29688934e+02,
    1.92396713e+02, 2.43859085e+02, 1.93446991e+02, 2.57848602e+02,
    1.94356293e+02, 2.71756104e+02, 1.95292618e+02, 2.85297974e+02,
    1.73588272e+02, 1.85917892e+02, 1.75056641e+02, 2.00775421e+02,
    1.76275177e+02, 2.15097549e+02, 1.77361389e+02, 2.29592468e+02,
    1.78483902e+02, 2.43710724e+02, 1.79520416e+02, 2.57586151e+02,
    1.80600037e+02, 2.71298706e+02, 1.81682022e+02, 2.84979187e+02,
    1.59617996e+02, 1.86076736e+02, 1.60959122e+02, 2.00830704e+02,
    1.62268356e+02, 2.15172333e+02, 1.63633133e+02, 2.29413376e+02,
    1.64769516e+02, 2.43525650e+02, 1.65992523e+02, 2.57306000e+02,
    1.67201309e+02, 2.70993042e+02, 1.68296463e+02, 2.84478638e+02,
    1.45761429e+02, 1.86442932e+02, 1.47220718e+02, 2.00864822e+02,
    1.48575653e+02, 2.15275558e+02, 1.49905701e+02, 2.29347153e+02,
    1.51208237e+02, 2.43338806e+02, 1.52463577e+02, 2.57081451e+02,
    1.53768799e+02, 2.70664825e+02, 1.55073807e+02, 2.84054138e+02,
    1.31999390e+02, 1.86674316e+02, 1.33481812e+02, 2.00953705e+02,
    1.34955307e+02, 2.15302429e+02, 1.36315048e+02, 2.29381546e+02,
    1.37713013e+02, 2.43104660e+02, 1.39114899e+02, 2.56833923e+02,
    1.40474304e+02, 2.70277344e+02, 1.41845413e+02, 2.83446198e+02,
    1.18555984e+02, 1.86763550e+02, 1.20057480e+02, 2.01021667e+02,
    1.21594322e+02, 2.15334625e+02, 1.23050163e+02, 2.29267410e+02,
    1.24509506e+02, 2.42984131e+02, 1.26064857e+02, 2.56580566e+02,
    1.27554008e+02, 2.69927429e+02, 1.29040573e+02, 2.82977692e+02,
    1.05377411e+02, 1.86861359e+02, 1.06935242e+02, 2.01194626e+02,
    1.08491249e+02, 2.15274841e+02, 1.10074203e+02, 2.29065979e+02,
    1.11641205e+02, 2.42756882e+02, 1.13250130e+02, 2.56217712e+02,
    1.14852211e+02, 2.69472198e+02, 1.16450020e+02, 2.82514130e+02,
    9.22315903e+01, 1.87092194e+02, 9.39715347e+01, 2.01307327e+02,
    9.56324158e+01, 2.15312164e+02, 9.73034668e+01, 2.28770782e+02,
    9.90434341e+01, 2.42683426e+02, 1.00709831e+02, 2.55659317e+02,
    1.02297066e+02, 2.68955322e+02, 1.04015839e+02, 2.81801514e+02 ]
