%YAML:1.0
---
points: [ 2.85463470e+02, 1.84244293e+02, 2.85921143e+02, 1.99613983e+02,
    2.86362885e+02, 2.14582230e+02, 2.86744537e+02, 2.29417572e+02,
    2.87232117e+02, 2.43865509e+02, 2.87642212e+02, 2.58132141e+02,
    2.88027954e+02, 2.72220184e+02, 2.88450500e+02, 2.86194916e+02,
    2.69638367e+02, 1.84669174e+02, 2.70304535e+02, 1.99831100e+02,
    2.70818207e+02, 2.14759216e+02, 2.71430176e+02, 2.29511353e+02,
    2.71962494e+02, 2.43836090e+02, 2.72590820e+02, 2.58061676e+02,
    2.73070374e+02, 2.72131744e+02, 2.73687195e+02, 2.86031158e+02,
    2.53990814e+02, 1.85124176e+02, 2.54755463e+02, 2.00177368e+02,
    2.55555206e+02, 2.14996292e+02, 2.56291565e+02, 2.29669998e+02,
    2.57019409e+02, 2.43965790e+02, 2.57698517e+02, 2.58019409e+02,
    2.58335114e+02, 2.72077515e+02, 2.58913361e+02, 2.85806915e+02,
    2.38643066e+02, 1.85386642e+02, 2.39510834e+02, 2.00402679e+02,
    2.40465759e+02, 2.15240982e+02, 2.41340973e+02, 2.29789673e+02,
    2.42188354e+02, 2.43966049e+02, 2.42959396e+02, 2.58042511e+02,
    2.43760773e+02, 2.71959717e+02, 2.44581329e+02, 2.85706390e+02,
    2.23257278e+02, 1.85700531e+02, 2.24452637e+02, 2.00800262e+02,
    2.25492889e+02, 2.15520920e+02, 2.26519577e+02, 2.29843262e+02,
    2.27455124e+02, 2.44118469e+02, 2.28414932e+02, 2.58112854e+02,
    2.29283249e+02, 2.71875580e+02, 2.30232605e+02, 2.85586700e+02,
    2.08304901e+02, 1.86050491e+02, 2.09503067e+02, 2.01042191e+02,
    2.10642044e+02, 2.15725357e+02, 2.11844116e+02, 2.30095917e+02,
    2.12869705e+02, 2.44276382e+02, 2.13983734e+02, 2.58121826e+02,
    2.15080231e+02, 2.71897949e+02, 2.16114014e+02, 2.85442047e+02,
    1.93349579e+02, 1.86553040e+02, 1.94662415e+02, 2.01268433e+02,
    1.96018555e+02, 2.15949265e+02, 1.97213669e+02, 2.30403397e+02,
    1.98457504e+02, 2.44434448e+02, 1.99659485e+02, 2.58248413e+02,
    2.00780762e+02, 2.71951263e+02, 2.01986237e+02, 2.85210541e+02,
    1.78428085e+02, 1.86878952e+02, 1.79820374e+02, 2.01646774e+02,
    1.81302170e+02, 2.16275406e+02, 1.82668045e+02, 2.30602921e+02,
    1.84070450e+02, 2.44535400e+02, 1.85304886e+02, 2.58345428e+02,
    1.86608429e+02, 2.71957336e+02, 1.87900879e+02, 2.85105316e+02,
    1.63710938e+02, 1.87192230e+02, 1.65344681e+02, 2.01860580e+02,
    1.66878632e+02, 2.16639709e+02, 1.68288437e+02, 2.30760529e+02,
    1.69781021e+02, 2.44735886e+02, 1.71266129e+02, 2.58518890e+02,
    1.72651947e+02, 2.71881348e+02, 1.74098343e+02, 2.85084778e+02,
    1.49334747e+02, 1.87583267e+02, 1.50931519e+02, 2.02280014e+02,
    1.52592819e+02, 2.16765472e+02, 1.54179688e+02, 2.30847580e+02,
    1.55828629e+02, 2.44902069e+02, 1.57403656e+02, 2.58491730e+02,
    1.58905182e+02, 2.71751587e+02, 1.60485031e+02, 2.84903534e+02,
    1.34650574e+02, 1.87804703e+02, 1.36522263e+02, 2.02617294e+02,
    1.38389969e+02, 2.16872314e+02, 1.40048035e+02, 2.30913925e+02,
    1.41830582e+02, 2.44872238e+02, 1.43538696e+02, 2.58304993e+02,
    1.45164886e+02, 2.71749756e+02, 1.46829376e+02, 2.84682892e+02 ]
