%YAML:1.0
---
points: [ 3.30632507e+02, 1.85909714e+02, 3.30897797e+02, 2.00797607e+02,
    3.31129944e+02, 2.15387466e+02, 3.31310516e+02, 2.29635056e+02,
    3.31471344e+02, 2.43636780e+02, 3.31760132e+02, 2.57342621e+02,
    3.32016052e+02, 2.70929138e+02, 3.32292786e+02, 2.84198395e+02,
    3.14793396e+02, 1.86659119e+02, 3.15157318e+02, 2.01594818e+02,
    3.15459839e+02, 2.15963638e+02, 3.15971802e+02, 2.30167496e+02,
    3.16326660e+02, 2.44135956e+02, 3.16776825e+02, 2.57712860e+02,
    3.17215881e+02, 2.71239594e+02, 3.17582947e+02, 2.84344513e+02,
    2.99069794e+02, 1.87446259e+02, 2.99634125e+02, 2.02247726e+02,
    3.00264771e+02, 2.16607742e+02, 3.00841217e+02, 2.30601166e+02,
    3.01437073e+02, 2.44558701e+02, 3.01967590e+02, 2.58167053e+02,
    3.02537506e+02, 2.71523407e+02, 3.03062164e+02, 2.84618164e+02,
    2.83634277e+02, 1.88265488e+02, 2.84362213e+02, 2.02798172e+02,
    2.85117218e+02, 2.17195190e+02, 2.85888977e+02, 2.31197601e+02,
    2.86681671e+02, 2.44964371e+02, 2.87382355e+02, 2.58440155e+02,
    2.88007050e+02, 2.71990173e+02, 2.88753143e+02, 2.85019653e+02,
    2.68310059e+02, 1.88993317e+02, 2.69214630e+02, 2.03604416e+02,
    2.70163239e+02, 2.17821747e+02, 2.71059387e+02, 2.31757339e+02,
    2.71924408e+02, 2.45610001e+02, 2.72834869e+02, 2.59033722e+02,
    2.73676941e+02, 2.72232513e+02, 2.74592529e+02, 2.85177979e+02,
    2.53229370e+02, 1.89682434e+02, 2.54303650e+02, 2.04244934e+02,
    2.55514893e+02, 2.18375336e+02, 2.56479034e+02, 2.32257217e+02,
    2.57549469e+02, 2.45936615e+02, 2.58453278e+02, 2.59531006e+02,
    2.59550842e+02, 2.72626526e+02, 2.60449371e+02, 2.85569122e+02,
    2.38256958e+02, 1.90581116e+02, 2.39505615e+02, 2.04851318e+02,
    2.40728119e+02, 2.19067688e+02, 2.41895172e+02, 2.32915710e+02,
    2.43123871e+02, 2.46610260e+02, 2.44208313e+02, 2.59858948e+02,
    2.45353546e+02, 2.73096527e+02, 2.46442078e+02, 2.85959015e+02,
    2.23323868e+02, 1.91285873e+02, 2.24730621e+02, 2.05626984e+02,
    2.26107071e+02, 2.19831970e+02, 2.27399429e+02, 2.33626312e+02,
    2.28713959e+02, 2.47226440e+02, 2.30021210e+02, 2.60406281e+02,
    2.31309097e+02, 2.73473511e+02, 2.32439621e+02, 2.86189941e+02,
    2.08630020e+02, 1.91923111e+02, 2.10253113e+02, 2.06323593e+02,
    2.11646133e+02, 2.20493256e+02, 2.13096191e+02, 2.34177567e+02,
    2.14582520e+02, 2.47734451e+02, 2.16010178e+02, 2.60906372e+02,
    2.17359451e+02, 2.73857239e+02, 2.18708755e+02, 2.86408142e+02,
    1.94115707e+02, 1.92756302e+02, 1.95669373e+02, 2.06869598e+02,
    1.97345444e+02, 2.20950119e+02, 1.98914795e+02, 2.34631470e+02,
    2.00539352e+02, 2.48120865e+02, 2.02092422e+02, 2.61287933e+02,
    2.03587234e+02, 2.74164429e+02, 2.05103363e+02, 2.86698029e+02,
    1.79309204e+02, 1.93476761e+02, 1.81235870e+02, 2.07569351e+02,
    1.83015533e+02, 2.21612488e+02, 1.84787582e+02, 2.35097977e+02,
    1.86449142e+02, 2.48497772e+02, 1.88195831e+02, 2.61659058e+02,
    1.89779434e+02, 2.74461609e+02, 1.91401978e+02, 2.87081573e+02 ]
