%YAML:1.0
---
points: [ 3.68338654e+02, 1.87945389e+02, 3.67727692e+02, 2.02681824e+02,
    3.67247650e+02, 2.16809921e+02, 3.66549530e+02, 2.30858490e+02,
    3.66154022e+02, 2.44586411e+02, 3.65649353e+02, 2.57889557e+02,
    3.65307526e+02, 2.70911072e+02, 3.64819275e+02, 2.83796204e+02,
    3.52485474e+02, 1.88775909e+02, 3.52197388e+02, 2.03426636e+02,
    3.51673737e+02, 2.17558182e+02, 3.51381531e+02, 2.31513275e+02,
    3.51115112e+02, 2.45059998e+02, 3.50823761e+02, 2.58391479e+02,
    3.50657990e+02, 2.71398315e+02, 3.50357971e+02, 2.84182373e+02,
    3.36695160e+02, 1.89634735e+02, 3.36527710e+02, 2.04079529e+02,
    3.36421478e+02, 2.18200638e+02, 3.36277618e+02, 2.32045517e+02,
    3.36236145e+02, 2.45576462e+02, 3.36177948e+02, 2.58945374e+02,
    3.36139130e+02, 2.72023224e+02, 3.36049774e+02, 2.84795380e+02,
    3.21249390e+02, 1.90290558e+02, 3.21222565e+02, 2.04597336e+02,
    3.21304321e+02, 2.18762421e+02, 3.21350250e+02, 2.32570602e+02,
    3.21445038e+02, 2.46242935e+02, 3.21594177e+02, 2.59407013e+02,
    3.21726166e+02, 2.72334839e+02, 3.21752014e+02, 2.85149078e+02,
    3.05656250e+02, 1.90932068e+02, 3.05985840e+02, 2.05406693e+02,
    3.06212402e+02, 2.19572327e+02, 3.06510315e+02, 2.33203659e+02,
    3.06723389e+02, 2.46689423e+02, 3.07033600e+02, 2.60101959e+02,
    3.07310486e+02, 2.73024231e+02, 3.07614044e+02, 2.85640015e+02,
    2.90424774e+02, 1.91715347e+02, 2.90780060e+02, 2.06165680e+02,
    2.91310760e+02, 2.20176071e+02, 2.91707031e+02, 2.33934097e+02,
    2.92193359e+02, 2.47384995e+02, 2.92669006e+02, 2.60511871e+02,
    2.93032379e+02, 2.73392242e+02, 2.93538422e+02, 2.86059357e+02,
    2.75195343e+02, 1.92527786e+02, 2.75850250e+02, 2.06765305e+02,
    2.76432495e+02, 2.20823563e+02, 2.77110382e+02, 2.34445389e+02,
    2.77688782e+02, 2.47954971e+02, 2.78299591e+02, 2.61190399e+02,
    2.78809265e+02, 2.74038483e+02, 2.79484070e+02, 2.86612396e+02,
    2.60003174e+02, 1.93142548e+02, 2.60830414e+02, 2.07607925e+02,
    2.61631805e+02, 2.21648102e+02, 2.62396301e+02, 2.35255936e+02,
    2.63194611e+02, 2.48617371e+02, 2.63875854e+02, 2.61713715e+02,
    2.64651123e+02, 2.74387543e+02, 2.65334076e+02, 2.86877075e+02,
    2.44994675e+02, 1.93901520e+02, 2.45986816e+02, 2.08323059e+02,
    2.46897095e+02, 2.22196289e+02, 2.47851944e+02, 2.35801483e+02,
    2.48760010e+02, 2.49327072e+02, 2.49725204e+02, 2.62166779e+02,
    2.50605545e+02, 2.75106659e+02, 2.51501770e+02, 2.87435883e+02,
    2.30105850e+02, 1.94704803e+02, 2.31220428e+02, 2.08838974e+02,
    2.32391098e+02, 2.22753845e+02, 2.33453415e+02, 2.36390808e+02,
    2.34540817e+02, 2.49783081e+02, 2.35603363e+02, 2.62755249e+02,
    2.36636810e+02, 2.75551880e+02, 2.37656174e+02, 2.87956451e+02,
    2.14965118e+02, 1.95371719e+02, 2.16377747e+02, 2.09463562e+02,
    2.17675629e+02, 2.23619522e+02, 2.19005417e+02, 2.36939896e+02,
    2.20154587e+02, 2.50229172e+02, 2.21370285e+02, 2.63288239e+02,
    2.22520905e+02, 2.75860565e+02, 2.23633820e+02, 2.88279114e+02 ]
