%YAML:1.0
---
points: [ 3.91231293e+02, 1.85836594e+02, 3.90329712e+02, 2.00654495e+02,
    3.89614868e+02, 2.14844070e+02, 3.88898193e+02, 2.28825638e+02,
    3.88272400e+02, 2.42491623e+02, 3.87664886e+02, 2.55897339e+02,
    3.87068970e+02, 2.69149475e+02, 3.86526428e+02, 2.82090881e+02,
    3.75532501e+02, 1.86742249e+02, 3.74838379e+02, 2.01303284e+02,
    3.74387817e+02, 2.15534714e+02, 3.73807251e+02, 2.29439651e+02,
    3.73401031e+02, 2.43108215e+02, 3.72987885e+02, 2.56743500e+02,
    3.72575470e+02, 2.69831207e+02, 3.72178802e+02, 2.82760590e+02,
    3.59801971e+02, 1.87583176e+02, 3.59445709e+02, 2.01937714e+02,
    3.59231903e+02, 2.16218597e+02, 3.58791992e+02, 2.30008713e+02,
    3.58502411e+02, 2.43740753e+02, 3.58369232e+02, 2.57016968e+02,
    3.58139008e+02, 2.70434967e+02, 3.57852722e+02, 2.83364166e+02,
    3.44415039e+02, 1.88218124e+02, 3.44315704e+02, 2.02645035e+02,
    3.44072937e+02, 2.16818848e+02, 3.43950836e+02, 2.30763428e+02,
    3.43899902e+02, 2.44355972e+02, 3.43768768e+02, 2.57794006e+02,
    3.43702148e+02, 2.70811981e+02, 3.43631104e+02, 2.83667206e+02,
    3.28961151e+02, 1.88849716e+02, 3.29044434e+02, 2.03427826e+02,
    3.29111938e+02, 2.17604416e+02, 3.29157898e+02, 2.31389771e+02,
    3.29182831e+02, 2.44966705e+02, 3.29286682e+02, 2.58419342e+02,
    3.29396210e+02, 2.71614929e+02, 3.29471436e+02, 2.84336456e+02,
    3.13781372e+02, 1.89743134e+02, 3.13961639e+02, 2.04214722e+02,
    3.14174042e+02, 2.18248016e+02, 3.14391144e+02, 2.32086700e+02,
    3.14681366e+02, 2.45662796e+02, 3.14862457e+02, 2.58965179e+02,
    3.15098755e+02, 2.71944214e+02, 3.15368195e+02, 2.84921906e+02,
    2.98629150e+02, 1.90594940e+02, 2.99020630e+02, 2.04837784e+02,
    2.99393005e+02, 2.18935577e+02, 2.99783051e+02, 2.32694199e+02,
    3.00124878e+02, 2.46272369e+02, 3.00584167e+02, 2.59564972e+02,
    3.00862061e+02, 2.72635803e+02, 3.01182098e+02, 2.85312592e+02,
    2.83513733e+02, 1.91262863e+02, 2.84053955e+02, 2.05652588e+02,
    2.84636383e+02, 2.19722122e+02, 2.85173950e+02, 2.33523087e+02,
    2.85708099e+02, 2.46877426e+02, 2.86126068e+02, 2.60139526e+02,
    2.86660492e+02, 2.73095459e+02, 2.87105316e+02, 2.85847137e+02,
    2.68573303e+02, 1.92043396e+02, 2.69329498e+02, 2.06374939e+02,
    2.69887787e+02, 2.20435394e+02, 2.70638824e+02, 2.34029160e+02,
    2.71312408e+02, 2.47681442e+02, 2.71839111e+02, 2.60770966e+02,
    2.72577972e+02, 2.73746094e+02, 2.73049957e+02, 2.86346008e+02,
    2.53694443e+02, 1.92837952e+02, 2.54514420e+02, 2.06930298e+02,
    2.55444122e+02, 2.20951492e+02, 2.56178955e+02, 2.34697311e+02,
    2.56955505e+02, 2.48150360e+02, 2.57776215e+02, 2.61335754e+02,
    2.58595734e+02, 2.74147675e+02, 2.59321014e+02, 2.86697784e+02,
    2.38648804e+02, 1.93408310e+02, 2.39728622e+02, 2.07777618e+02,
    2.40757202e+02, 2.21744812e+02, 2.41668671e+02, 2.35359116e+02,
    2.42632675e+02, 2.48733810e+02, 2.43608841e+02, 2.61733673e+02,
    2.44449799e+02, 2.74615509e+02, 2.45315186e+02, 2.87235657e+02 ]
