%YAML:1.0
---
points: [ 3.09209869e+02, 1.78793533e+02, 3.11049866e+02, 1.92313629e+02,
    3.12757111e+02, 2.05364822e+02, 3.14562622e+02, 2.18304123e+02,
    3.16247101e+02, 2.30902130e+02, 3.17947815e+02, 2.43387589e+02,
    3.19632721e+02, 2.55629990e+02, 3.21320007e+02, 2.67561584e+02,
    2.94875824e+02, 1.80868805e+02, 2.96795624e+02, 1.94300278e+02,
    2.98782745e+02, 2.07267105e+02, 3.00622437e+02, 2.20218765e+02,
    3.02523468e+02, 2.32564453e+02, 3.04282074e+02, 2.44961380e+02,
    3.06164642e+02, 2.57164581e+02, 3.07907471e+02, 2.69108917e+02,
    2.80698059e+02, 1.82955460e+02, 2.82871338e+02, 1.96179596e+02,
    2.84966858e+02, 2.09210007e+02, 2.87009247e+02, 2.21964355e+02,
    2.88925598e+02, 2.34400238e+02, 2.90930908e+02, 2.46627914e+02,
    2.92905518e+02, 2.58778412e+02, 2.94816895e+02, 2.70539337e+02,
    2.66768097e+02, 1.85085205e+02, 2.69047394e+02, 1.98172455e+02,
    2.71286072e+02, 2.11122986e+02, 2.73501007e+02, 2.23754669e+02,
    2.75638489e+02, 2.36103882e+02, 2.77687958e+02, 2.48231674e+02,
    2.79785187e+02, 2.60257141e+02, 2.81828491e+02, 2.72155548e+02,
    2.52950104e+02, 1.87092422e+02, 2.55406555e+02, 1.99974289e+02,
    2.57764191e+02, 2.12955902e+02, 2.60139160e+02, 2.25529602e+02,
    2.62349182e+02, 2.37864517e+02, 2.64597900e+02, 2.49969772e+02,
    2.66746429e+02, 2.61901459e+02, 2.68940125e+02, 2.73598663e+02,
    2.39307861e+02, 1.89080597e+02, 2.41954483e+02, 2.02053558e+02,
    2.44442062e+02, 2.14838043e+02, 2.46949295e+02, 2.27286133e+02,
    2.49316910e+02, 2.39580368e+02, 2.51627151e+02, 2.51664871e+02,
    2.53948196e+02, 2.63449310e+02, 2.56208344e+02, 2.75100708e+02,
    2.25930405e+02, 1.91080383e+02, 2.28595856e+02, 2.03914383e+02,
    2.31250275e+02, 2.16694489e+02, 2.33786423e+02, 2.29090195e+02,
    2.36270187e+02, 2.41380905e+02, 2.38807999e+02, 2.53309677e+02,
    2.41221313e+02, 2.65102570e+02, 2.43487488e+02, 2.76424072e+02,
    2.12474716e+02, 1.93107635e+02, 2.15259094e+02, 2.05832382e+02,
    2.18106842e+02, 2.18556931e+02, 2.20722687e+02, 2.30847397e+02,
    2.23363571e+02, 2.43092804e+02, 2.25955429e+02, 2.54962372e+02,
    2.28456390e+02, 2.66497559e+02, 2.30955460e+02, 2.77917664e+02,
    1.99253036e+02, 1.95015778e+02, 2.02232101e+02, 2.07745331e+02,
    2.05031754e+02, 2.20415909e+02, 2.07886856e+02, 2.32547501e+02,
    2.10650772e+02, 2.44729889e+02, 2.13257492e+02, 2.56457306e+02,
    2.15943329e+02, 2.68013580e+02, 2.18530014e+02, 2.79403137e+02,
    1.86224762e+02, 1.97004440e+02, 1.89207458e+02, 2.09503387e+02,
    1.92271729e+02, 2.22228912e+02, 1.95136261e+02, 2.34320251e+02,
    1.98054382e+02, 2.46332687e+02, 2.00889557e+02, 2.58076141e+02,
    2.03608459e+02, 2.69616241e+02, 2.06291992e+02, 2.80707336e+02,
    1.73119934e+02, 1.98798340e+02, 1.76311646e+02, 2.11340622e+02,
    1.79405533e+02, 2.23903885e+02, 1.82524170e+02, 2.36123962e+02,
    1.85530914e+02, 2.47992722e+02, 1.88382492e+02, 2.59524567e+02,
    1.91233948e+02, 2.70925476e+02, 1.94049484e+02, 2.82201233e+02 ]
