%YAML:1.0
---
points: [ 2.52979935e+02, 1.80397903e+02, 2.55968506e+02, 1.93507782e+02,
    2.58796539e+02, 2.06578598e+02, 2.61658417e+02, 2.19162216e+02,
    2.64404816e+02, 2.31603867e+02, 2.67081482e+02, 2.43731918e+02,
    2.69648804e+02, 2.55679901e+02, 2.72180634e+02, 2.67398895e+02,
    2.39368622e+02, 1.82666916e+02, 2.42395187e+02, 1.95688248e+02,
    2.45499985e+02, 2.08483154e+02, 2.48400604e+02, 2.21058304e+02,
    2.51302979e+02, 2.33309418e+02, 2.54134354e+02, 2.45489990e+02,
    2.56766602e+02, 2.57300964e+02, 2.59372284e+02, 2.68870087e+02,
    2.25988831e+02, 1.84993851e+02, 2.29207947e+02, 1.97795395e+02,
    2.32381134e+02, 2.10539124e+02, 2.35458313e+02, 2.22855179e+02,
    2.38379089e+02, 2.35138977e+02, 2.41298676e+02, 2.47153122e+02,
    2.44167938e+02, 2.58921814e+02, 2.46899078e+02, 2.70286438e+02,
    2.12821915e+02, 1.87129547e+02, 2.16139755e+02, 1.99842957e+02,
    2.19489151e+02, 2.12454071e+02, 2.22604874e+02, 2.24732864e+02,
    2.25760818e+02, 2.36876358e+02, 2.28738953e+02, 2.48767075e+02,
    2.31641495e+02, 2.60330170e+02, 2.34512466e+02, 2.71832489e+02,
    1.99779327e+02, 1.89266083e+02, 2.03320404e+02, 2.01916290e+02,
    2.06696198e+02, 2.14505432e+02, 2.10013931e+02, 2.26598160e+02,
    2.13151749e+02, 2.38674057e+02, 2.16294434e+02, 2.50382797e+02,
    2.19246201e+02, 2.61927338e+02, 2.22302322e+02, 2.73419403e+02,
    1.86983017e+02, 1.91381119e+02, 1.90620483e+02, 2.04037689e+02,
    1.94111359e+02, 2.16362549e+02, 1.97467941e+02, 2.28546234e+02,
    2.00814194e+02, 2.40400009e+02, 2.04012085e+02, 2.52097809e+02,
    2.07216415e+02, 2.63662750e+02, 2.10274979e+02, 2.74750641e+02,
    1.74346390e+02, 1.93503174e+02, 1.78116531e+02, 2.06040283e+02,
    1.81713898e+02, 2.18417938e+02, 1.85134171e+02, 2.30401581e+02,
    1.88595123e+02, 2.42314743e+02, 1.91914337e+02, 2.53962357e+02,
    1.95083252e+02, 2.65092926e+02, 1.98329941e+02, 2.76220001e+02,
    1.61859680e+02, 1.95515884e+02, 1.65642532e+02, 2.08092102e+02,
    1.69273712e+02, 2.20298492e+02, 1.72848892e+02, 2.32320160e+02,
    1.76363541e+02, 2.44125305e+02, 1.79825943e+02, 2.55388550e+02,
    1.83282333e+02, 2.66577789e+02, 1.86619064e+02, 2.77619873e+02,
    1.49506042e+02, 1.97611053e+02, 1.53384338e+02, 2.10041397e+02,
    1.57162216e+02, 2.22232666e+02, 1.60860138e+02, 2.34153976e+02,
    1.64467133e+02, 2.45714645e+02, 1.68020599e+02, 2.57078857e+02,
    1.71526993e+02, 2.68249786e+02, 1.74980713e+02, 2.79110413e+02,
    1.37449173e+02, 1.99561951e+02, 1.41326263e+02, 2.11902618e+02,
    1.45259689e+02, 2.23961823e+02, 1.49012909e+02, 2.35759369e+02,
    1.52768265e+02, 2.47283829e+02, 1.56563614e+02, 2.58640625e+02,
    1.60040558e+02, 2.69457550e+02, 1.63592880e+02, 2.80271179e+02,
    1.25361511e+02, 2.01643982e+02, 1.29453674e+02, 2.13815262e+02,
    1.33477127e+02, 2.25773956e+02, 1.37306717e+02, 2.37334885e+02,
    1.41194717e+02, 2.48888092e+02, 1.44945358e+02, 2.60015930e+02,
    1.48630386e+02, 2.70914734e+02, 1.52197556e+02, 2.81712128e+02 ]
