%YAML:1.0
---
points: [ 2.07821228e+02, 1.82839874e+02, 2.11350098e+02, 1.95661514e+02,
    2.14752380e+02, 2.08421448e+02, 2.17996536e+02, 2.20740494e+02,
    2.21165207e+02, 2.32945145e+02, 2.24253998e+02, 2.45083145e+02,
    2.27178818e+02, 2.56837524e+02, 2.30137619e+02, 2.68424164e+02,
    1.95387772e+02, 1.84902679e+02, 1.98900864e+02, 1.97588089e+02,
    2.02390976e+02, 2.10113861e+02, 2.05745026e+02, 2.22421112e+02,
    2.08949539e+02, 2.34394241e+02, 2.12126404e+02, 2.46317245e+02,
    2.15278488e+02, 2.58086426e+02, 2.18225067e+02, 2.69745148e+02,
    1.83081238e+02, 1.86875641e+02, 1.86744720e+02, 1.99389435e+02,
    1.90270828e+02, 2.11852325e+02, 1.93791534e+02, 2.24154587e+02,
    1.97063217e+02, 2.36072113e+02, 2.00268295e+02, 2.47877808e+02,
    2.03425690e+02, 2.59503326e+02, 2.06523941e+02, 2.70776703e+02,
    1.71081299e+02, 1.88825378e+02, 1.74764175e+02, 2.01274826e+02,
    1.78437408e+02, 2.13477722e+02, 1.81942108e+02, 2.25624542e+02,
    1.85340530e+02, 2.37494308e+02, 1.88651917e+02, 2.49177933e+02,
    1.91845093e+02, 2.60683563e+02, 1.95062286e+02, 2.72062500e+02,
    1.59204330e+02, 1.90728363e+02, 1.63075378e+02, 2.03140503e+02,
    1.66750519e+02, 2.15246292e+02, 1.70246765e+02, 2.27186737e+02,
    1.73712463e+02, 2.39033386e+02, 1.77104645e+02, 2.50587860e+02,
    1.80448685e+02, 2.62055054e+02, 1.83740906e+02, 2.73093048e+02,
    1.47648560e+02, 1.92645096e+02, 1.51536163e+02, 2.04945862e+02,
    1.55185425e+02, 2.17070862e+02, 1.58862549e+02, 2.28829803e+02,
    1.62366196e+02, 2.40578186e+02, 1.65837051e+02, 2.51940292e+02,
    1.69275818e+02, 2.63248566e+02, 1.72659485e+02, 2.74295288e+02,
    1.36210587e+02, 1.94458984e+02, 1.40147751e+02, 2.06688705e+02,
    1.43952499e+02, 2.18684235e+02, 1.47546982e+02, 2.30439163e+02,
    1.51159225e+02, 2.42008896e+02, 1.54732620e+02, 2.53278198e+02,
    1.58104843e+02, 2.64446014e+02, 1.61628006e+02, 2.75371185e+02,
    1.24994934e+02, 1.96284500e+02, 1.28892365e+02, 2.08416733e+02,
    1.32664169e+02, 2.20290573e+02, 1.36351578e+02, 2.31978958e+02,
    1.40070572e+02, 2.43382782e+02, 1.43695847e+02, 2.54637695e+02,
    1.47316101e+02, 2.65705444e+02, 1.50842514e+02, 2.76328857e+02,
    1.13918724e+02, 1.98167252e+02, 1.17904404e+02, 2.10131195e+02,
    1.21790802e+02, 2.21952484e+02, 1.25549355e+02, 2.33464661e+02,
    1.29297760e+02, 2.44818481e+02, 1.33002655e+02, 2.55993896e+02,
    1.36640244e+02, 2.66729492e+02, 1.40285690e+02, 2.77351471e+02,
    1.03285210e+02, 1.99947693e+02, 1.07239250e+02, 2.11851395e+02,
    1.11160759e+02, 2.23484848e+02, 1.15005882e+02, 2.34879227e+02,
    1.18848961e+02, 2.46125687e+02, 1.22609665e+02, 2.57011200e+02,
    1.26319862e+02, 2.67862335e+02, 1.30037369e+02, 2.78435333e+02,
    9.27359848e+01, 2.01700058e+02, 9.67582016e+01, 2.13402954e+02,
    1.00709404e+02, 2.24946259e+02, 1.04587265e+02, 2.36201904e+02,
    1.08495888e+02, 2.47313400e+02, 1.12335594e+02, 2.58192963e+02,
    1.16116356e+02, 2.68911438e+02, 1.19759323e+02, 2.79430908e+02 ]
