%YAML:1.0
---
points: [ 2.02987793e+02, 1.85126038e+02, 2.06194748e+02, 1.97002563e+02,
    2.09241150e+02, 2.08535019e+02, 2.12270233e+02, 2.20114670e+02,
    2.15129593e+02, 2.31226273e+02, 2.17926651e+02, 2.42315552e+02,
    2.20683655e+02, 2.53393951e+02, 2.23331955e+02, 2.64148834e+02,
    1.91562225e+02, 1.86912796e+02, 1.94803543e+02, 1.98605728e+02,
    1.97907639e+02, 2.10127090e+02, 2.01006241e+02, 2.21441803e+02,
    2.03917892e+02, 2.32599533e+02, 2.06826950e+02, 2.43713989e+02,
    2.09630783e+02, 2.54418335e+02, 2.12394501e+02, 2.65223663e+02,
    1.80305206e+02, 1.88598007e+02, 1.83613892e+02, 2.00219498e+02,
    1.86794846e+02, 2.11617142e+02, 1.89956390e+02, 2.22904007e+02,
    1.93017014e+02, 2.34080383e+02, 1.95957718e+02, 2.44905380e+02,
    1.98824631e+02, 2.55767990e+02, 2.01575745e+02, 2.66246094e+02,
    1.69199280e+02, 1.90282318e+02, 1.72589432e+02, 2.01841278e+02,
    1.75896667e+02, 2.13199051e+02, 1.79057785e+02, 2.24392532e+02,
    1.82168518e+02, 2.35368835e+02, 1.85169235e+02, 2.46228119e+02,
    1.88090271e+02, 2.56804810e+02, 1.90999557e+02, 2.67307159e+02,
    1.58333084e+02, 1.92076904e+02, 1.61751709e+02, 2.03393341e+02,
    1.65130066e+02, 2.14756302e+02, 1.68336548e+02, 2.25786575e+02,
    1.71448059e+02, 2.36763123e+02, 1.74471649e+02, 2.47443893e+02,
    1.77609741e+02, 2.58117157e+02, 1.80585480e+02, 2.68431152e+02,
    1.47639175e+02, 1.93724030e+02, 1.51034912e+02, 2.05122498e+02,
    1.54452667e+02, 2.16195694e+02, 1.57785538e+02, 2.27225464e+02,
    1.60972183e+02, 2.38182907e+02, 1.64128250e+02, 2.48727753e+02,
    1.67200562e+02, 2.59209229e+02, 1.70193878e+02, 2.69386078e+02,
    1.36995636e+02, 1.95413025e+02, 1.40611023e+02, 2.06649658e+02,
    1.43953400e+02, 2.17761810e+02, 1.47303162e+02, 2.28723892e+02,
    1.50590469e+02, 2.39377090e+02, 1.53787170e+02, 2.49935562e+02,
    1.56944855e+02, 2.60281067e+02, 1.60064957e+02, 2.70401550e+02,
    1.26689529e+02, 1.97109009e+02, 1.30229904e+02, 2.08264084e+02,
    1.33662659e+02, 2.19278854e+02, 1.36965454e+02, 2.30064850e+02,
    1.40330536e+02, 2.40751495e+02, 1.43618973e+02, 2.51182083e+02,
    1.46908051e+02, 2.61460632e+02, 1.50120621e+02, 2.71519012e+02,
    1.16561440e+02, 1.98682632e+02, 1.20017448e+02, 2.09766693e+02,
    1.23520645e+02, 2.20755035e+02, 1.26871544e+02, 2.31429413e+02,
    1.30268295e+02, 2.41961044e+02, 1.33629425e+02, 2.52294434e+02,
    1.36926941e+02, 2.62474915e+02, 1.40178375e+02, 2.72391235e+02,
    1.06571579e+02, 2.00217377e+02, 1.10117302e+02, 2.11298325e+02,
    1.13660591e+02, 2.22074661e+02, 1.17156059e+02, 2.32747253e+02,
    1.20554077e+02, 2.43160202e+02, 1.23914505e+02, 2.53382156e+02,
    1.27310051e+02, 2.63438354e+02, 1.30656830e+02, 2.73342224e+02,
    9.67039871e+01, 2.01875427e+02, 1.00338219e+02, 2.12685211e+02,
    1.03911064e+02, 2.23484390e+02, 1.07452713e+02, 2.34020142e+02,
    1.10962242e+02, 2.44351776e+02, 1.14405769e+02, 2.54474823e+02,
    1.17836929e+02, 2.64505035e+02, 1.21102806e+02, 2.73995819e+02 ]
