%YAML:1.0
---
points: [ 2.69073395e+02, 1.77103745e+02, 2.71754181e+02, 1.89068512e+02,
    2.74404785e+02, 2.00772415e+02, 2.77027313e+02, 2.12367828e+02,
    2.79565704e+02, 2.23867767e+02, 2.82044464e+02, 2.35153259e+02,
    2.84476715e+02, 2.46333603e+02, 2.86880737e+02, 2.57510010e+02,
    2.56947144e+02, 1.79372299e+02, 2.59729156e+02, 1.91217865e+02,
    2.62442444e+02, 2.02858139e+02, 2.65124908e+02, 2.14452454e+02,
    2.67738617e+02, 2.25744751e+02, 2.70310150e+02, 2.37019058e+02,
    2.72799561e+02, 2.48066818e+02, 2.75341125e+02, 2.59130157e+02,
    2.45060242e+02, 1.81708740e+02, 2.47935104e+02, 1.93305862e+02,
    2.50735489e+02, 2.04912933e+02, 2.53376038e+02, 2.16405746e+02,
    2.56169617e+02, 2.27617264e+02, 2.58772797e+02, 2.38754257e+02,
    2.61321655e+02, 2.49766571e+02, 2.63952850e+02, 2.60634674e+02,
    2.33430847e+02, 1.83864258e+02, 2.36291595e+02, 1.95477493e+02,
    2.39232605e+02, 2.07008621e+02, 2.41980988e+02, 2.18341766e+02,
    2.44731995e+02, 2.29474747e+02, 2.47387497e+02, 2.40511429e+02,
    2.50058960e+02, 2.51501236e+02, 2.52650314e+02, 2.62198853e+02,
    2.21886612e+02, 1.86122086e+02, 2.24919540e+02, 1.97485947e+02,
    2.27782700e+02, 2.09064056e+02, 2.30644882e+02, 2.20314651e+02,
    2.33444077e+02, 2.31380280e+02, 2.36182526e+02, 2.42284973e+02,
    2.38867828e+02, 2.53229248e+02, 2.41491364e+02, 2.63755737e+02,
    2.10559906e+02, 1.88287491e+02, 2.13609085e+02, 1.99736572e+02,
    2.16580765e+02, 2.11061417e+02, 2.19473328e+02, 2.22294846e+02,
    2.22394379e+02, 2.33222717e+02, 2.25199646e+02, 2.44054367e+02,
    2.27935410e+02, 2.54838409e+02, 2.30677429e+02, 2.65415436e+02,
    1.99333496e+02, 1.90409042e+02, 2.02416489e+02, 2.01808975e+02,
    2.05416428e+02, 2.13080109e+02, 2.08426346e+02, 2.24234329e+02,
    2.11304474e+02, 2.35098618e+02, 2.14203568e+02, 2.45844406e+02,
    2.17024307e+02, 2.56385651e+02, 2.19832733e+02, 2.66924225e+02,
    1.88324249e+02, 1.92602646e+02, 1.91366531e+02, 2.03865402e+02,
    1.94437149e+02, 2.15045319e+02, 1.97477783e+02, 2.26125824e+02,
    2.00423248e+02, 2.36829529e+02, 2.03328781e+02, 2.47568375e+02,
    2.06239716e+02, 2.58109863e+02, 2.09102585e+02, 2.68357849e+02,
    1.77501770e+02, 1.94776138e+02, 1.80599655e+02, 2.05923111e+02,
    1.83653381e+02, 2.16952316e+02, 1.86704956e+02, 2.27941528e+02,
    1.89686264e+02, 2.38683701e+02, 1.92706711e+02, 2.49160950e+02,
    1.95711517e+02, 2.59748413e+02, 1.98559692e+02, 2.69964447e+02,
    1.66729080e+02, 1.96757675e+02, 1.69878464e+02, 2.07895935e+02,
    1.73066833e+02, 2.18898407e+02, 1.76150818e+02, 2.29671021e+02,
    1.79275574e+02, 2.40381546e+02, 1.82260559e+02, 2.50814270e+02,
    1.85266342e+02, 2.61147583e+02, 1.88264862e+02, 2.71351410e+02,
    1.56037155e+02, 1.98780258e+02, 1.59299393e+02, 2.09826691e+02,
    1.62460739e+02, 2.20721039e+02, 1.65652771e+02, 2.31351486e+02,
    1.68798798e+02, 2.42091675e+02, 1.71911758e+02, 2.52424500e+02,
    1.74924759e+02, 2.62722229e+02, 1.77925568e+02, 2.72920502e+02 ]
