%YAML:1.0
---
points: [ 3.18788727e+02, 1.78281296e+02, 3.21035248e+02, 1.90412491e+02,
    3.23156525e+02, 2.02302246e+02, 3.25355743e+02, 2.14131943e+02,
    3.27482086e+02, 2.25397156e+02, 3.29598694e+02, 2.36766403e+02,
    3.31623047e+02, 2.47987747e+02, 3.33655304e+02, 2.58855316e+02,
    3.05777527e+02, 1.80634262e+02, 3.08151367e+02, 1.92697891e+02,
    3.10378784e+02, 2.04395309e+02, 3.12701080e+02, 2.16105759e+02,
    3.14894409e+02, 2.27390518e+02, 3.17083191e+02, 2.38564713e+02,
    3.19329041e+02, 2.49604645e+02, 3.21443481e+02, 2.60557892e+02,
    2.92906250e+02, 1.82955368e+02, 2.95353302e+02, 1.94924149e+02,
    2.97834320e+02, 2.06611404e+02, 3.00203888e+02, 2.18101822e+02,
    3.02555511e+02, 2.29346695e+02, 3.04865143e+02, 2.40411591e+02,
    3.07141937e+02, 2.51374496e+02, 3.09334747e+02, 2.62179596e+02,
    2.80306122e+02, 1.85233139e+02, 2.82897766e+02, 1.96993393e+02,
    2.85458679e+02, 2.08588730e+02, 2.87988373e+02, 2.20081589e+02,
    2.90393585e+02, 2.31242691e+02, 2.92823303e+02, 2.42297546e+02,
    2.95154205e+02, 2.53088272e+02, 2.97517059e+02, 2.63796021e+02,
    2.67814423e+02, 1.87507736e+02, 2.70603882e+02, 1.99202026e+02,
    2.73201660e+02, 2.10736496e+02, 2.75851166e+02, 2.22134018e+02,
    2.78394318e+02, 2.33239899e+02, 2.80907776e+02, 2.44067490e+02,
    2.83308960e+02, 2.54821793e+02, 2.85752136e+02, 2.65363373e+02,
    2.55694336e+02, 1.89743301e+02, 2.58487152e+02, 2.01331589e+02,
    2.61292419e+02, 2.12861282e+02, 2.63917999e+02, 2.23997482e+02,
    2.66627899e+02, 2.35060501e+02, 2.69202057e+02, 2.45885132e+02,
    2.71699677e+02, 2.56533936e+02, 2.74227997e+02, 2.67013275e+02,
    2.43664719e+02, 1.92013306e+02, 2.46623657e+02, 2.03410156e+02,
    2.49416641e+02, 2.14921432e+02, 2.52212936e+02, 2.26083160e+02,
    2.54912277e+02, 2.37020111e+02, 2.57596039e+02, 2.47734375e+02,
    2.60218414e+02, 2.58183075e+02, 2.62804840e+02, 2.68508270e+02,
    2.31802505e+02, 1.94188660e+02, 2.34734085e+02, 2.05610687e+02,
    2.37606369e+02, 2.17059677e+02, 2.40512848e+02, 2.27972412e+02,
    2.43329788e+02, 2.38873932e+02, 2.46142471e+02, 2.49519440e+02,
    2.48814148e+02, 2.59854919e+02, 2.51467316e+02, 2.70102844e+02,
    2.20078629e+02, 1.96399948e+02, 2.23152374e+02, 2.07738007e+02,
    2.26153091e+02, 2.19051025e+02, 2.29095749e+02, 2.29975296e+02,
    2.31925873e+02, 2.40642059e+02, 2.34855392e+02, 2.51272583e+02,
    2.37635254e+02, 2.61625488e+02, 2.40345428e+02, 2.71710785e+02,
    2.08567764e+02, 1.98539795e+02, 2.11648148e+02, 2.09738251e+02,
    2.14834824e+02, 2.20891571e+02, 2.17867706e+02, 2.31808640e+02,
    2.20829391e+02, 2.42326675e+02, 2.23708420e+02, 2.52906113e+02,
    2.26636246e+02, 2.63225403e+02, 2.29528214e+02, 2.73213898e+02,
    1.97083374e+02, 2.00489716e+02, 2.00351700e+02, 2.11729813e+02,
    2.03450241e+02, 2.22800674e+02, 2.06589203e+02, 2.33537491e+02,
    2.09693588e+02, 2.44163437e+02, 2.12695129e+02, 2.54393204e+02,
    2.15651428e+02, 2.64660706e+02, 2.18557663e+02, 2.74644958e+02 ]
