%YAML:1.0
---
points: [ 3.66385345e+02, 1.74575851e+02, 3.67375977e+02, 1.87114563e+02,
    3.68321808e+02, 1.99309174e+02, 3.69262756e+02, 2.11283371e+02,
    3.70219818e+02, 2.23249420e+02, 3.71249786e+02, 2.35077042e+02,
    3.72171082e+02, 2.46589981e+02, 3.73108429e+02, 2.58180054e+02,
    3.53153595e+02, 1.76295227e+02, 3.54146118e+02, 1.88684174e+02,
    3.55262665e+02, 2.00817032e+02, 3.56274231e+02, 2.12817093e+02,
    3.57379181e+02, 2.24742249e+02, 3.58415649e+02, 2.36301590e+02,
    3.59533356e+02, 2.47881790e+02, 3.60585876e+02, 2.59178619e+02,
    3.39882477e+02, 1.78058380e+02, 3.41147705e+02, 1.90283768e+02,
    3.42312073e+02, 2.02358994e+02, 3.43464447e+02, 2.14328278e+02,
    3.44674835e+02, 2.26132935e+02, 3.45883270e+02, 2.37610504e+02,
    3.47115173e+02, 2.49154846e+02, 3.48223389e+02, 2.60335327e+02,
    3.26987610e+02, 1.79748093e+02, 3.28284576e+02, 1.92002777e+02,
    3.29575226e+02, 2.03987152e+02, 3.30880524e+02, 2.15778763e+02,
    3.32154449e+02, 2.27403824e+02, 3.33411346e+02, 2.38936752e+02,
    3.34726227e+02, 2.50366028e+02, 3.35946869e+02, 2.61520569e+02,
    3.14080231e+02, 1.81352966e+02, 3.15487915e+02, 1.93449051e+02,
    3.16949890e+02, 2.05399902e+02, 3.18316132e+02, 2.17175766e+02,
    3.19685394e+02, 2.28793579e+02, 3.21065338e+02, 2.40320206e+02,
    3.22364136e+02, 2.51619888e+02, 3.23739990e+02, 2.62834473e+02,
    3.01537537e+02, 1.83050323e+02, 3.03000519e+02, 1.95150925e+02,
    3.04556000e+02, 2.06988358e+02, 3.06023376e+02, 2.18639252e+02,
    3.07465271e+02, 2.30253220e+02, 3.08910065e+02, 2.41651031e+02,
    3.10322906e+02, 2.52832718e+02, 3.11776764e+02, 2.63928314e+02,
    2.89070465e+02, 1.84750931e+02, 2.90669556e+02, 1.96622467e+02,
    2.92227661e+02, 2.08508560e+02, 2.93754883e+02, 2.20165344e+02,
    2.95326233e+02, 2.31658661e+02, 2.96823975e+02, 2.42874405e+02,
    2.98341217e+02, 2.54173065e+02, 2.99777039e+02, 2.64987488e+02,
    2.76622406e+02, 1.86316376e+02, 2.78255493e+02, 1.98250183e+02,
    2.79961029e+02, 2.10033066e+02, 2.81618225e+02, 2.21630295e+02,
    2.83254761e+02, 2.32941238e+02, 2.84809662e+02, 2.44199875e+02,
    2.86419067e+02, 2.55335129e+02, 2.87977325e+02, 2.66238770e+02,
    2.64381378e+02, 1.87919693e+02, 2.66198364e+02, 1.99739410e+02,
    2.67974121e+02, 2.11529099e+02, 2.69652161e+02, 2.22905243e+02,
    2.71292175e+02, 2.34292038e+02, 2.72968933e+02, 2.45522476e+02,
    2.74620361e+02, 2.56534027e+02, 2.76269592e+02, 2.67345764e+02,
    2.52362091e+02, 1.89397873e+02, 2.54199615e+02, 2.01109497e+02,
    2.56060059e+02, 2.12939728e+02, 2.57778992e+02, 2.24249786e+02,
    2.59561127e+02, 2.35639404e+02, 2.61290253e+02, 2.46687119e+02,
    2.63030579e+02, 2.57715607e+02, 2.64696838e+02, 2.68432709e+02,
    2.40234467e+02, 1.91076309e+02, 2.42188843e+02, 2.02756393e+02,
    2.44084839e+02, 2.14380997e+02, 2.45999466e+02, 2.25700760e+02,
    2.47822159e+02, 2.36905792e+02, 2.49618332e+02, 2.47877396e+02,
    2.51404373e+02, 2.58856689e+02, 2.53180344e+02, 2.69525635e+02 ]
