%YAML:1.0
---
points: [ 4.07466248e+02, 1.84316605e+02, 4.06634460e+02, 1.96710007e+02,
    4.05752716e+02, 2.08673462e+02, 4.05164398e+02, 2.20796295e+02,
    4.04394684e+02, 2.32362152e+02, 4.03719696e+02, 2.43872696e+02,
    4.02996887e+02, 2.55220810e+02, 4.02328796e+02, 2.66615692e+02,
    3.93904907e+02, 1.84782333e+02, 3.93267303e+02, 1.97116302e+02,
    3.92629150e+02, 2.09120575e+02, 3.92040833e+02, 2.20971664e+02,
    3.91477539e+02, 2.32812042e+02, 3.90925415e+02, 2.44268646e+02,
    3.90443298e+02, 2.55609329e+02, 3.89931671e+02, 2.66586731e+02,
    3.80487915e+02, 1.85319992e+02, 3.80008881e+02, 1.97704666e+02,
    3.79501526e+02, 2.09723373e+02, 3.79079681e+02, 2.21536438e+02,
    3.78633301e+02, 2.33113358e+02, 3.78270294e+02, 2.44612061e+02,
    3.77841980e+02, 2.55819809e+02, 3.77437866e+02, 2.66932953e+02,
    3.67238617e+02, 1.85819534e+02, 3.66756134e+02, 1.98067947e+02,
    3.66413605e+02, 2.09978439e+02, 3.66171936e+02, 2.21838562e+02,
    3.65887238e+02, 2.33543076e+02, 3.65595032e+02, 2.44878723e+02,
    3.65357483e+02, 2.56058563e+02, 3.65111389e+02, 2.67082581e+02,
    3.53842865e+02, 1.86516830e+02, 3.53718781e+02, 1.98614395e+02,
    3.53400940e+02, 2.10613708e+02, 3.53320129e+02, 2.22376251e+02,
    3.53153778e+02, 2.33800644e+02, 3.53076294e+02, 2.45287231e+02,
    3.52927094e+02, 2.56406555e+02, 3.52825989e+02, 2.67324982e+02,
    3.40832489e+02, 1.86873535e+02, 3.40699249e+02, 1.98893692e+02,
    3.40765778e+02, 2.10824615e+02, 3.40652466e+02, 2.22699860e+02,
    3.40638947e+02, 2.34252579e+02, 3.40650085e+02, 2.45634445e+02,
    3.40671631e+02, 2.56734528e+02, 3.40666199e+02, 2.67745575e+02,
    3.27806183e+02, 1.87604965e+02, 3.27880676e+02, 1.99674606e+02,
    3.28047241e+02, 2.11595932e+02, 3.28129730e+02, 2.23079163e+02,
    3.28206726e+02, 2.34644424e+02, 3.28299469e+02, 2.45845276e+02,
    3.28411041e+02, 2.56959442e+02, 3.28528625e+02, 2.67697754e+02,
    3.14876038e+02, 1.88032227e+02, 3.15076874e+02, 2.00097458e+02,
    3.15316467e+02, 2.11962280e+02, 3.15579285e+02, 2.23684448e+02,
    3.15784882e+02, 2.34901611e+02, 3.15970642e+02, 2.46189667e+02,
    3.16133514e+02, 2.57116272e+02, 3.16346771e+02, 2.67918213e+02,
    3.02167633e+02, 1.88707855e+02, 3.02577362e+02, 2.00658524e+02,
    3.02766296e+02, 2.12542725e+02, 3.03111023e+02, 2.24081955e+02,
    3.03552185e+02, 2.35437881e+02, 3.03755219e+02, 2.46473145e+02,
    3.04093781e+02, 2.57463074e+02, 3.04496582e+02, 2.68137115e+02,
    2.89628082e+02, 1.88987656e+02, 2.89926056e+02, 2.00981857e+02,
    2.90519379e+02, 2.12759308e+02, 2.90807373e+02, 2.24316818e+02,
    2.91299744e+02, 2.35741226e+02, 2.91733368e+02, 2.46701126e+02,
    2.92056152e+02, 2.57752045e+02, 2.92583771e+02, 2.68288300e+02,
    2.76846191e+02, 1.89541565e+02, 2.77568451e+02, 2.01587494e+02,
    2.77999634e+02, 2.13271149e+02, 2.78653900e+02, 2.24638275e+02,
    2.79097137e+02, 2.35898666e+02, 2.79720642e+02, 2.46903320e+02,
    2.80214935e+02, 2.57823669e+02, 2.80683990e+02, 2.68391144e+02 ]
