%YAML:1.0
---
points: [ 2.79215973e+02, 1.88324829e+02, 2.80850098e+02, 1.98146942e+02,
    2.82372925e+02, 2.07783020e+02, 2.83940552e+02, 2.17220657e+02,
    2.85506836e+02, 2.26669113e+02, 2.87090271e+02, 2.36017609e+02,
    2.88576691e+02, 2.45277725e+02, 2.90039276e+02, 2.54314728e+02,
    2.69085297e+02, 1.89850616e+02, 2.70751526e+02, 1.99493362e+02,
    2.72398438e+02, 2.09150879e+02, 2.74003784e+02, 2.18692108e+02,
    2.75661163e+02, 2.27984390e+02, 2.77228668e+02, 2.37288712e+02,
    2.78804352e+02, 2.46426529e+02, 2.80316772e+02, 2.55624832e+02,
    2.59027557e+02, 1.91379303e+02, 2.60804810e+02, 2.01037994e+02,
    2.62498260e+02, 2.10613876e+02, 2.64248474e+02, 2.20098938e+02,
    2.65935730e+02, 2.29387985e+02, 2.67479126e+02, 2.38495956e+02,
    2.69165375e+02, 2.47750061e+02, 2.70700470e+02, 2.56857117e+02,
    2.49196899e+02, 1.93025192e+02, 2.50999542e+02, 2.02442978e+02,
    2.52729263e+02, 2.12148117e+02, 2.54465149e+02, 2.21483856e+02,
    2.56173676e+02, 2.30488205e+02, 2.57890717e+02, 2.39882294e+02,
    2.59573029e+02, 2.49071991e+02, 2.61189514e+02, 2.57969879e+02,
    2.39202805e+02, 1.94344116e+02, 2.41139420e+02, 2.03940155e+02,
    2.43045685e+02, 2.13487061e+02, 2.44788452e+02, 2.22723251e+02,
    2.46549637e+02, 2.32062180e+02, 2.48327408e+02, 2.41247086e+02,
    2.50014954e+02, 2.50252182e+02, 2.51748093e+02, 2.59249817e+02,
    2.29479980e+02, 1.95832825e+02, 2.31408157e+02, 2.05354675e+02,
    2.33321503e+02, 2.14859528e+02, 2.35209747e+02, 2.24220078e+02,
    2.37063950e+02, 2.33402039e+02, 2.38790634e+02, 2.42453735e+02,
    2.40624191e+02, 2.51541351e+02, 2.42342667e+02, 2.60365051e+02,
    2.19804016e+02, 1.97318375e+02, 2.21780136e+02, 2.06835281e+02,
    2.23762192e+02, 2.16365097e+02, 2.25639053e+02, 2.25621552e+02,
    2.27497726e+02, 2.34712051e+02, 2.29348038e+02, 2.43818481e+02,
    2.31161987e+02, 2.52768646e+02, 2.32958313e+02, 2.61639923e+02,
    2.10169556e+02, 1.98791168e+02, 2.12195969e+02, 2.08320648e+02,
    2.14150391e+02, 2.17693222e+02, 2.16079559e+02, 2.26914902e+02,
    2.18035782e+02, 2.36136963e+02, 2.19931549e+02, 2.45134003e+02,
    2.21825882e+02, 2.54052032e+02, 2.23651840e+02, 2.62777832e+02,
    2.00619568e+02, 2.00226700e+02, 2.02670929e+02, 2.09657959e+02,
    2.04596786e+02, 2.19096451e+02, 2.06676743e+02, 2.28315475e+02,
    2.08630341e+02, 2.37389847e+02, 2.10599991e+02, 2.46298004e+02,
    2.12561172e+02, 2.55264877e+02, 2.14385147e+02, 2.64044678e+02,
    1.91194519e+02, 2.01623245e+02, 1.93283844e+02, 2.11024292e+02,
    1.95297897e+02, 2.20438446e+02, 1.97324722e+02, 2.29633408e+02,
    1.99369629e+02, 2.38644775e+02, 2.01363464e+02, 2.47635727e+02,
    2.03340363e+02, 2.56377411e+02, 2.05338379e+02, 2.65176422e+02,
    1.81590439e+02, 2.03158157e+02, 1.83859695e+02, 2.12399292e+02,
    1.85886002e+02, 2.21802322e+02, 1.87966217e+02, 2.30914078e+02,
    1.90134048e+02, 2.39928421e+02, 1.92177322e+02, 2.48746902e+02,
    1.94141174e+02, 2.57587402e+02, 1.96172379e+02, 2.66270355e+02 ]
