%YAML:1.0
---
points: [ 2.43008682e+02, 1.89774734e+02, 2.45018631e+02, 1.99299515e+02,
    2.46895538e+02, 2.08906036e+02, 2.48737717e+02, 2.18299896e+02,
    2.50627472e+02, 2.27576080e+02, 2.52390350e+02, 2.36721359e+02,
    2.54158905e+02, 2.45855728e+02, 2.55881439e+02, 2.54893616e+02,
    2.33143799e+02, 1.91381042e+02, 2.35158157e+02, 2.00884872e+02,
    2.37124329e+02, 2.10434006e+02, 2.39038666e+02, 2.19806503e+02,
    2.40945374e+02, 2.28904404e+02, 2.42757736e+02, 2.38067917e+02,
    2.44606583e+02, 2.47230148e+02, 2.46386810e+02, 2.56050812e+02,
    2.23256760e+02, 1.93006683e+02, 2.25331253e+02, 2.02299530e+02,
    2.27370407e+02, 2.11942383e+02, 2.29333710e+02, 2.21166687e+02,
    2.31316620e+02, 2.30331497e+02, 2.33238220e+02, 2.39437607e+02,
    2.35131821e+02, 2.48470535e+02, 2.36993729e+02, 2.57399048e+02,
    2.13471680e+02, 1.94407150e+02, 2.15572006e+02, 2.03858856e+02,
    2.17731857e+02, 2.13279800e+02, 2.19780365e+02, 2.22598648e+02,
    2.21836578e+02, 2.31860611e+02, 2.23812073e+02, 2.40822235e+02,
    2.25749893e+02, 2.49804199e+02, 2.27655289e+02, 2.58637604e+02,
    2.03692474e+02, 1.95929306e+02, 2.05978683e+02, 2.05315918e+02,
    2.08125305e+02, 2.14754807e+02, 2.10229660e+02, 2.24147064e+02,
    2.12298004e+02, 2.33172318e+02, 2.14325165e+02, 2.42221893e+02,
    2.16345169e+02, 2.51191284e+02, 2.18344986e+02, 2.59961090e+02,
    1.94148026e+02, 1.97381699e+02, 1.96392410e+02, 2.06888504e+02,
    1.98587418e+02, 2.16221985e+02, 2.00805893e+02, 2.25483704e+02,
    2.02913086e+02, 2.34437302e+02, 2.05012680e+02, 2.43599319e+02,
    2.07094604e+02, 2.52383759e+02, 2.09157516e+02, 2.61221558e+02,
    1.84575424e+02, 1.99014023e+02, 1.86918930e+02, 2.08300949e+02,
    1.89173737e+02, 2.17713837e+02, 1.91317764e+02, 2.26874969e+02,
    1.93571960e+02, 2.36047180e+02, 1.95670395e+02, 2.44949081e+02,
    1.97827057e+02, 2.53785736e+02, 1.99908936e+02, 2.62379730e+02,
    1.75035736e+02, 2.00451019e+02, 1.77324982e+02, 2.09850830e+02,
    1.79639343e+02, 2.19184067e+02, 1.81927612e+02, 2.28377899e+02,
    1.84181641e+02, 2.37351761e+02, 1.86380920e+02, 2.46325760e+02,
    1.88544739e+02, 2.55000870e+02, 1.90738419e+02, 2.63707397e+02,
    1.65478775e+02, 2.02009155e+02, 1.67929443e+02, 2.11334610e+02,
    1.70264404e+02, 2.20622864e+02, 1.72555038e+02, 2.29751892e+02,
    1.74875259e+02, 2.38773010e+02, 1.77147675e+02, 2.47571381e+02,
    1.79382446e+02, 2.56424042e+02, 1.81596817e+02, 2.64933777e+02,
    1.56203644e+02, 2.03324738e+02, 1.58614105e+02, 2.12862122e+02,
    1.61032501e+02, 2.22032791e+02, 1.63392273e+02, 2.31084412e+02,
    1.65761566e+02, 2.40128876e+02, 1.68116730e+02, 2.48886963e+02,
    1.70367157e+02, 2.57564026e+02, 1.72666565e+02, 2.66147858e+02,
    1.46639908e+02, 2.04975006e+02, 1.49170532e+02, 2.14267334e+02,
    1.51646622e+02, 2.23402283e+02, 1.54112000e+02, 2.32414932e+02,
    1.56552200e+02, 2.41303528e+02, 1.58941360e+02, 2.50185562e+02,
    1.61312927e+02, 2.58820374e+02, 1.63590591e+02, 2.67287628e+02 ]
