%YAML:1.0
---
points: [ 2.13142609e+02, 1.89286407e+02, 2.15694138e+02, 1.99009399e+02,
    2.18182907e+02, 2.08399246e+02, 2.20621948e+02, 2.17911270e+02,
    2.23062317e+02, 2.27182922e+02, 2.25358841e+02, 2.36201660e+02,
    2.27723618e+02, 2.45374863e+02, 2.29941498e+02, 2.54346069e+02,
    2.03287323e+02, 1.91341690e+02, 2.05863007e+02, 2.00829376e+02,
    2.08433685e+02, 2.10259842e+02, 2.10996109e+02, 2.19741104e+02,
    2.13383850e+02, 2.28860367e+02, 2.15840408e+02, 2.38123657e+02,
    2.18205200e+02, 2.47176147e+02, 2.20505661e+02, 2.56039032e+02,
    1.93437912e+02, 1.93303085e+02, 1.96138077e+02, 2.02725021e+02,
    1.98734955e+02, 2.12234543e+02, 2.01324432e+02, 2.21594574e+02,
    2.03796585e+02, 2.30781525e+02, 2.06347809e+02, 2.40000626e+02,
    2.08759018e+02, 2.48868240e+02, 2.11198944e+02, 2.57790619e+02,
    1.83720886e+02, 1.95203873e+02, 1.86486176e+02, 2.04652695e+02,
    1.89173096e+02, 2.14156174e+02, 1.91773071e+02, 2.23330627e+02,
    1.94360870e+02, 2.32509003e+02, 1.96933548e+02, 2.41696335e+02,
    1.99371445e+02, 2.50626953e+02, 2.01799240e+02, 2.59454865e+02,
    1.73941177e+02, 1.97130051e+02, 1.76807480e+02, 2.06637329e+02,
    1.79566040e+02, 2.16043564e+02, 1.82219162e+02, 2.25242432e+02,
    1.84905960e+02, 2.34532150e+02, 1.87519989e+02, 2.43407516e+02,
    1.90016586e+02, 2.52415863e+02, 1.92535278e+02, 2.61177155e+02,
    1.64307495e+02, 1.98983170e+02, 1.67220505e+02, 2.08545059e+02,
    1.70071579e+02, 2.17860489e+02, 1.72804108e+02, 2.27128250e+02,
    1.75523727e+02, 2.36276764e+02, 1.78096222e+02, 2.45248993e+02,
    1.80769745e+02, 2.54204697e+02, 1.83349762e+02, 2.62891083e+02,
    1.54741302e+02, 2.00989822e+02, 1.57666702e+02, 2.10486221e+02,
    1.60529465e+02, 2.19805588e+02, 1.63335022e+02, 2.29061844e+02,
    1.66108856e+02, 2.38118362e+02, 1.68783997e+02, 2.47079926e+02,
    1.71464371e+02, 2.55919037e+02, 1.74101639e+02, 2.64640289e+02,
    1.45225845e+02, 2.02917938e+02, 1.48144363e+02, 2.12339340e+02,
    1.51034592e+02, 2.21665359e+02, 1.53918442e+02, 2.30866104e+02,
    1.56696671e+02, 2.39903793e+02, 1.59514053e+02, 2.48801987e+02,
    1.62228241e+02, 2.57566956e+02, 1.64919510e+02, 2.66227692e+02,
    1.35718399e+02, 2.04841568e+02, 1.38706146e+02, 2.14272583e+02,
    1.41624115e+02, 2.23527786e+02, 1.44529007e+02, 2.32705109e+02,
    1.47342621e+02, 2.41746460e+02, 1.50211380e+02, 2.50490479e+02,
    1.53072159e+02, 2.59341339e+02, 1.55805786e+02, 2.67981689e+02,
    1.26452065e+02, 2.06730774e+02, 1.29428375e+02, 2.16113205e+02,
    1.32380722e+02, 2.25308334e+02, 1.35341690e+02, 2.34408035e+02,
    1.38265610e+02, 2.43432693e+02, 1.41189560e+02, 2.52252411e+02,
    1.44044815e+02, 2.61056488e+02, 1.46899719e+02, 2.69545349e+02,
    1.16877037e+02, 2.08640488e+02, 1.20000206e+02, 2.18021225e+02,
    1.23084091e+02, 2.27217194e+02, 1.26056107e+02, 2.36262634e+02,
    1.29068359e+02, 2.45161148e+02, 1.32046875e+02, 2.53944473e+02,
    1.34916092e+02, 2.62588257e+02, 1.37771103e+02, 2.71116638e+02 ]
