%YAML:1.0
---
points: [ 3.03801117e+02, 1.82578812e+02, 3.05924988e+02, 1.92176102e+02,
    3.07892761e+02, 2.01653610e+02, 3.09902802e+02, 2.10982162e+02,
    3.11848969e+02, 2.20181580e+02, 3.13822052e+02, 2.29230667e+02,
    3.15798157e+02, 2.38251099e+02, 3.17664337e+02, 2.47102478e+02,
    2.93597473e+02, 1.84794952e+02, 2.95728638e+02, 1.94382568e+02,
    2.97782043e+02, 2.03808395e+02, 2.99878174e+02, 2.13115784e+02,
    3.01917664e+02, 2.22274323e+02, 3.03937897e+02, 2.31297104e+02,
    3.05965851e+02, 2.40170212e+02, 3.07878448e+02, 2.48975632e+02,
    2.83357941e+02, 1.87092560e+02, 2.85626740e+02, 1.96581680e+02,
    2.87785583e+02, 2.06046890e+02, 2.89914124e+02, 2.15207565e+02,
    2.92144287e+02, 2.24321411e+02, 2.94152496e+02, 2.33278961e+02,
    2.96263763e+02, 2.42213455e+02, 2.98263062e+02, 2.50913406e+02,
    2.73316681e+02, 1.89366364e+02, 2.75645599e+02, 1.98782425e+02,
    2.77871185e+02, 2.08178711e+02, 2.80153931e+02, 2.17285339e+02,
    2.82331024e+02, 2.26342926e+02, 2.84491608e+02, 2.35318329e+02,
    2.86628510e+02, 2.44182358e+02, 2.88711548e+02, 2.52887939e+02,
    2.63261261e+02, 1.91633286e+02, 2.65630920e+02, 2.00946564e+02,
    2.68047394e+02, 2.10320450e+02, 2.70311066e+02, 2.19453888e+02,
    2.72581543e+02, 2.28436966e+02, 2.74893402e+02, 2.37353775e+02,
    2.77064178e+02, 2.46175110e+02, 2.79186066e+02, 2.54804062e+02,
    2.53407593e+02, 1.93801300e+02, 2.55843765e+02, 2.03184448e+02,
    2.58291595e+02, 2.12460602e+02, 2.60690308e+02, 2.21518784e+02,
    2.62978333e+02, 2.30467331e+02, 2.65305847e+02, 2.39366776e+02,
    2.67569733e+02, 2.48139847e+02, 2.69787170e+02, 2.56709625e+02,
    2.43555740e+02, 1.96089005e+02, 2.46079422e+02, 2.05287933e+02,
    2.48571167e+02, 2.14653183e+02, 2.51016327e+02, 2.23659210e+02,
    2.53354004e+02, 2.32569977e+02, 2.55835922e+02, 2.41422241e+02,
    2.58081635e+02, 2.50055573e+02, 2.60396057e+02, 2.58606537e+02,
    2.33778244e+02, 1.98235764e+02, 2.36321655e+02, 2.07512299e+02,
    2.38895462e+02, 2.16807190e+02, 2.41384567e+02, 2.25739517e+02,
    2.43850937e+02, 2.34643646e+02, 2.46287567e+02, 2.43434525e+02,
    2.48682205e+02, 2.52047089e+02, 2.51021317e+02, 2.60458130e+02,
    2.24045593e+02, 2.00407104e+02, 2.26742218e+02, 2.09689072e+02,
    2.29275055e+02, 2.18913681e+02, 2.31883041e+02, 2.27888687e+02,
    2.34403351e+02, 2.36720261e+02, 2.36885376e+02, 2.45443390e+02,
    2.39294647e+02, 2.53955063e+02, 2.41785889e+02, 2.62355469e+02,
    2.14471329e+02, 2.02421112e+02, 2.17199890e+02, 2.11872513e+02,
    2.19856400e+02, 2.20966888e+02, 2.22472473e+02, 2.29848663e+02,
    2.25052994e+02, 2.38682556e+02, 2.27616348e+02, 2.47330261e+02,
    2.30167084e+02, 2.55850677e+02, 2.32600250e+02, 2.64165131e+02,
    2.04746613e+02, 2.04682053e+02, 2.07600128e+02, 2.14031403e+02,
    2.10260284e+02, 2.23041183e+02, 2.13021469e+02, 2.31877960e+02,
    2.15656509e+02, 2.40611633e+02, 2.18278000e+02, 2.49221283e+02,
    2.20857574e+02, 2.57729736e+02, 2.23334564e+02, 2.66061798e+02 ]
