%YAML:1.0
---
points: [ 3.47195465e+02, 1.81128159e+02, 3.48253448e+02, 1.90487091e+02,
    3.49122894e+02, 1.99892639e+02, 3.50080383e+02, 2.09123428e+02,
    3.51051697e+02, 2.18290146e+02, 3.51995697e+02, 2.27280258e+02,
    3.52937622e+02, 2.36317627e+02, 3.53856903e+02, 2.45154526e+02,
    3.37226074e+02, 1.82732880e+02, 3.38233368e+02, 1.92199921e+02,
    3.39233582e+02, 2.01443863e+02, 3.40280609e+02, 2.10664993e+02,
    3.41274170e+02, 2.19874878e+02, 3.42348145e+02, 2.28814972e+02,
    3.43350922e+02, 2.37757309e+02, 3.44395416e+02, 2.46578262e+02,
    3.27207489e+02, 1.84342178e+02, 3.28339203e+02, 1.93803101e+02,
    3.29401001e+02, 2.03062576e+02, 3.30531036e+02, 2.12295959e+02,
    3.31626740e+02, 2.21302063e+02, 3.32742645e+02, 2.30333252e+02,
    3.33793671e+02, 2.39211166e+02, 3.34909546e+02, 2.48008591e+02,
    3.17333710e+02, 1.85986862e+02, 3.18417572e+02, 1.95282791e+02,
    3.19690216e+02, 2.04601715e+02, 3.20885681e+02, 2.13829285e+02,
    3.22073456e+02, 2.22890686e+02, 3.23178223e+02, 2.31848648e+02,
    3.24301575e+02, 2.40688446e+02, 3.25461670e+02, 2.49410202e+02,
    3.07384949e+02, 1.87563156e+02, 3.08660034e+02, 1.96971100e+02,
    3.09963470e+02, 2.06272049e+02, 3.11150970e+02, 2.15366364e+02,
    3.12397736e+02, 2.24497650e+02, 3.13657227e+02, 2.33361298e+02,
    3.14866882e+02, 2.42218323e+02, 3.16042877e+02, 2.50894806e+02,
    2.97544556e+02, 1.89174637e+02, 2.98917206e+02, 1.98562744e+02,
    3.00271301e+02, 2.07839798e+02, 3.01578918e+02, 2.16985474e+02,
    3.02918549e+02, 2.26051483e+02, 3.04195770e+02, 2.34871414e+02,
    3.05440826e+02, 2.43722519e+02, 3.06713135e+02, 2.52359314e+02,
    2.87832062e+02, 1.90800308e+02, 2.89240570e+02, 2.00191193e+02,
    2.90632202e+02, 2.09327835e+02, 2.92031799e+02, 2.18471344e+02,
    2.93390503e+02, 2.27572998e+02, 2.94729889e+02, 2.36332718e+02,
    2.96078827e+02, 2.45217361e+02, 2.97311096e+02, 2.53822342e+02,
    2.78104767e+02, 1.92475021e+02, 2.79487762e+02, 2.01772659e+02,
    2.81026581e+02, 2.11042084e+02, 2.82383057e+02, 2.20142639e+02,
    2.83820129e+02, 2.29100693e+02, 2.85244019e+02, 2.37937149e+02,
    2.86599396e+02, 2.46590485e+02, 2.88025482e+02, 2.55319595e+02,
    2.68279846e+02, 1.94126297e+02, 2.69885498e+02, 2.03304489e+02,
    2.71371216e+02, 2.12626648e+02, 2.72905029e+02, 2.21715714e+02,
    2.74336517e+02, 2.30514557e+02, 2.75832733e+02, 2.39409653e+02,
    2.77270844e+02, 2.48162369e+02, 2.78632629e+02, 2.56725800e+02,
    2.58735809e+02, 1.95448547e+02, 2.60286774e+02, 2.04976288e+02,
    2.61913391e+02, 2.14245346e+02, 2.63367493e+02, 2.23149445e+02,
    2.65001160e+02, 2.32108582e+02, 2.66466858e+02, 2.40921661e+02,
    2.68005280e+02, 2.49587036e+02, 2.69411621e+02, 2.58143372e+02,
    2.48880600e+02, 1.97146881e+02, 2.50655136e+02, 2.06442917e+02,
    2.52308823e+02, 2.15725693e+02, 2.53914932e+02, 2.24672089e+02,
    2.55461136e+02, 2.33530548e+02, 2.57057404e+02, 2.42302948e+02,
    2.58566528e+02, 2.51027893e+02, 2.60112305e+02, 2.59566284e+02 ]
