%YAML:1.0
---
points: [ 3.44536652e+02, 1.81517609e+02, 3.45679596e+02, 1.90035522e+02,
    3.46763489e+02, 1.98377579e+02, 3.47908203e+02, 2.06639542e+02,
    3.49005951e+02, 2.14914047e+02, 3.50167603e+02, 2.23140869e+02,
    3.51269989e+02, 2.31266373e+02, 3.52390808e+02, 2.39299530e+02,
    3.35684418e+02, 1.83228424e+02, 3.36831268e+02, 1.91692993e+02,
    3.38027100e+02, 2.00110611e+02, 3.39195740e+02, 2.08319458e+02,
    3.40333099e+02, 2.16579514e+02, 3.41585144e+02, 2.24756119e+02,
    3.42747925e+02, 2.32893646e+02, 3.43934937e+02, 2.40865509e+02,
    3.26724945e+02, 1.84888367e+02, 3.28099548e+02, 1.93307648e+02,
    3.29276245e+02, 2.01680618e+02, 3.30472839e+02, 2.10032700e+02,
    3.31737732e+02, 2.18238556e+02, 3.33022827e+02, 2.26326263e+02,
    3.34269592e+02, 2.34416946e+02, 3.35452667e+02, 2.42405289e+02,
    3.18025238e+02, 1.86530319e+02, 3.19314880e+02, 1.95047791e+02,
    3.20551025e+02, 2.03296265e+02, 3.21841003e+02, 2.11628159e+02,
    3.23176117e+02, 2.19860733e+02, 3.24439514e+02, 2.27950317e+02,
    3.25741760e+02, 2.36050461e+02, 3.27048340e+02, 2.44005127e+02,
    3.09208191e+02, 1.88293930e+02, 3.10515839e+02, 1.96683548e+02,
    3.12010468e+02, 2.05056229e+02, 3.13276978e+02, 2.13263077e+02,
    3.14644836e+02, 2.21445694e+02, 3.15967987e+02, 2.29565887e+02,
    3.17268738e+02, 2.37520691e+02, 3.18544952e+02, 2.45537231e+02,
    3.00510437e+02, 1.89978912e+02, 3.01972687e+02, 1.98325623e+02,
    3.03361053e+02, 2.06586365e+02, 3.04737122e+02, 2.14921387e+02,
    3.06124146e+02, 2.23092209e+02, 3.07461212e+02, 2.31226395e+02,
    3.08870331e+02, 2.39134186e+02, 3.10212677e+02, 2.47116409e+02,
    2.91722595e+02, 1.91620743e+02, 2.93295959e+02, 2.00030548e+02,
    2.94737762e+02, 2.08365295e+02, 2.96177185e+02, 2.16514633e+02,
    2.97561279e+02, 2.24723373e+02, 2.99038208e+02, 2.32778793e+02,
    3.00346893e+02, 2.40745728e+02, 3.01728577e+02, 2.48600449e+02,
    2.83134003e+02, 1.93245316e+02, 2.84630707e+02, 2.01650848e+02,
    2.86156952e+02, 2.10048935e+02, 2.87596680e+02, 2.18249985e+02,
    2.89071320e+02, 2.26318054e+02, 2.90458801e+02, 2.34332657e+02,
    2.91948822e+02, 2.42297958e+02, 2.93311707e+02, 2.50183365e+02,
    2.74429657e+02, 1.94961136e+02, 2.76115601e+02, 2.03312103e+02,
    2.77564026e+02, 2.11701538e+02, 2.79087402e+02, 2.19920761e+02,
    2.80594177e+02, 2.27967194e+02, 2.82097107e+02, 2.35955597e+02,
    2.83507416e+02, 2.43934158e+02, 2.85005280e+02, 2.51757248e+02,
    2.65881561e+02, 1.96650452e+02, 2.67382416e+02, 2.05029221e+02,
    2.69044006e+02, 2.13365250e+02, 2.70510498e+02, 2.21386963e+02,
    2.72136841e+02, 2.29547531e+02, 2.73687469e+02, 2.37516327e+02,
    2.75181213e+02, 2.45439133e+02, 2.76640564e+02, 2.53312592e+02,
    2.57175903e+02, 1.98258347e+02, 2.58842590e+02, 2.06630234e+02,
    2.60362305e+02, 2.14947510e+02, 2.62080383e+02, 2.22964630e+02,
    2.63580444e+02, 2.31133850e+02, 2.65191345e+02, 2.39070114e+02,
    2.66781921e+02, 2.47028778e+02, 2.68239288e+02, 2.54842896e+02 ]
