%YAML:1.0
---
points: [ 2.92898010e+02, 1.85968216e+02, 2.94231262e+02, 1.94191483e+02,
    2.95399628e+02, 2.02372787e+02, 2.96688721e+02, 2.10472748e+02,
    2.97946381e+02, 2.18514053e+02, 2.99166443e+02, 2.26397507e+02,
    3.00340210e+02, 2.34344620e+02, 3.01571320e+02, 2.42175232e+02,
    2.84227173e+02, 1.87302155e+02, 2.85552643e+02, 1.95606415e+02,
    2.86867065e+02, 2.03863922e+02, 2.88185425e+02, 2.11972534e+02,
    2.89434448e+02, 2.20018082e+02, 2.90741913e+02, 2.27845230e+02,
    2.92033020e+02, 2.35727615e+02, 2.93274689e+02, 2.43466476e+02,
    2.75524506e+02, 1.88829697e+02, 2.76945648e+02, 1.97070908e+02,
    2.78274139e+02, 2.05227798e+02, 2.79679138e+02, 2.13367416e+02,
    2.81094910e+02, 2.21302078e+02, 2.82303833e+02, 2.29216660e+02,
    2.83627014e+02, 2.37095764e+02, 2.85009827e+02, 2.44763763e+02,
    2.66980560e+02, 1.90263733e+02, 2.68342438e+02, 1.98482071e+02,
    2.69853821e+02, 2.06625443e+02, 2.71201599e+02, 2.14728668e+02,
    2.72637238e+02, 2.22638016e+02, 2.74033600e+02, 2.30544952e+02,
    2.75368530e+02, 2.38316254e+02, 2.76737793e+02, 2.46113144e+02,
    2.58263916e+02, 1.91756531e+02, 2.59887390e+02, 1.99907471e+02,
    2.61322388e+02, 2.08234589e+02, 2.62808777e+02, 2.16161850e+02,
    2.64259583e+02, 2.24190338e+02, 2.65666565e+02, 2.32009338e+02,
    2.67160156e+02, 2.39772385e+02, 2.68455933e+02, 2.47471985e+02,
    2.49828323e+02, 1.93239304e+02, 2.51314667e+02, 2.01321701e+02,
    2.52877747e+02, 2.09501526e+02, 2.54397522e+02, 2.17578339e+02,
    2.55999008e+02, 2.25466660e+02, 2.57348999e+02, 2.33355118e+02,
    2.58906891e+02, 2.41176804e+02, 2.60291534e+02, 2.48786865e+02,
    2.41306778e+02, 1.94711884e+02, 2.42931320e+02, 2.02886932e+02,
    2.44446915e+02, 2.11052094e+02, 2.46102371e+02, 2.19101517e+02,
    2.47557571e+02, 2.26912811e+02, 2.49134933e+02, 2.34715790e+02,
    2.50589828e+02, 2.42442673e+02, 2.52129776e+02, 2.50139542e+02,
    2.32815216e+02, 1.96158783e+02, 2.34350266e+02, 2.04285889e+02,
    2.36131866e+02, 2.12432205e+02, 2.37651825e+02, 2.20481583e+02,
    2.39230530e+02, 2.28288940e+02, 2.40830887e+02, 2.36145813e+02,
    2.42355804e+02, 2.43913483e+02, 2.43918365e+02, 2.51442200e+02,
    2.24250412e+02, 1.97583817e+02, 2.26039642e+02, 2.05758835e+02,
    2.27668549e+02, 2.13943390e+02, 2.29325119e+02, 2.22000275e+02,
    2.31029205e+02, 2.29772522e+02, 2.32559494e+02, 2.37522949e+02,
    2.34186157e+02, 2.45259933e+02, 2.35740631e+02, 2.52768265e+02,
    2.15873795e+02, 1.98950882e+02, 2.17630432e+02, 2.07190811e+02,
    2.19309479e+02, 2.15261658e+02, 2.21057343e+02, 2.23236954e+02,
    2.22734879e+02, 2.31111816e+02, 2.24342133e+02, 2.38853668e+02,
    2.26043045e+02, 2.46419830e+02, 2.27669891e+02, 2.54058044e+02,
    2.07345505e+02, 2.00416412e+02, 2.09156631e+02, 2.08596344e+02,
    2.10877823e+02, 2.16677338e+02, 2.12688507e+02, 2.24595444e+02,
    2.14399323e+02, 2.32430771e+02, 2.16159973e+02, 2.40178085e+02,
    2.17841583e+02, 2.47841034e+02, 2.19453232e+02, 2.55423630e+02 ]
