%YAML:1.0
---
points: [ 2.31959778e+02, 1.87873169e+02, 2.34105850e+02, 1.96091537e+02,
    2.36124344e+02, 2.04167404e+02, 2.38142624e+02, 2.12290649e+02,
    2.40094376e+02, 2.20234756e+02, 2.41965469e+02, 2.28023514e+02,
    2.43871094e+02, 2.35775208e+02, 2.45699219e+02, 2.43398605e+02,
    2.23413010e+02, 1.89425720e+02, 2.25495392e+02, 1.97619370e+02,
    2.27640228e+02, 2.05628235e+02, 2.29703140e+02, 2.13688416e+02,
    2.31701477e+02, 2.21570404e+02, 2.33683685e+02, 2.29366302e+02,
    2.35619217e+02, 2.37121704e+02, 2.37509125e+02, 2.44712219e+02,
    2.14849548e+02, 1.91006866e+02, 2.17073318e+02, 1.99153137e+02,
    2.19244370e+02, 2.07128326e+02, 2.21309830e+02, 2.15159882e+02,
    2.23386810e+02, 2.23101852e+02, 2.25437103e+02, 2.30764572e+02,
    2.27347168e+02, 2.38394882e+02, 2.29338135e+02, 2.46089233e+02,
    2.06424805e+02, 1.92427734e+02, 2.08706726e+02, 2.00627502e+02,
    2.10893509e+02, 2.08621658e+02, 2.13100250e+02, 2.16614319e+02,
    2.15182236e+02, 2.24436386e+02, 2.17253510e+02, 2.32210220e+02,
    2.19302139e+02, 2.39869293e+02, 2.21305649e+02, 2.47393860e+02,
    1.97986847e+02, 1.94106613e+02, 2.00351959e+02, 2.02081467e+02,
    2.02581131e+02, 2.10216766e+02, 2.04803528e+02, 2.18171585e+02,
    2.06977295e+02, 2.26038986e+02, 2.09108078e+02, 2.33641830e+02,
    2.11161728e+02, 2.41251740e+02, 2.13225204e+02, 2.48683517e+02,
    1.89667114e+02, 1.95482254e+02, 1.92021683e+02, 2.03622147e+02,
    1.94328751e+02, 2.11623978e+02, 1.96567032e+02, 2.19497360e+02,
    1.98814713e+02, 2.27326248e+02, 2.00997559e+02, 2.35090942e+02,
    2.03141266e+02, 2.42513870e+02, 2.05286972e+02, 2.50060654e+02,
    1.81360062e+02, 1.97108673e+02, 1.83765961e+02, 2.05173950e+02,
    1.86166122e+02, 2.13170609e+02, 1.88375916e+02, 2.21045944e+02,
    1.90668396e+02, 2.28795517e+02, 1.92921234e+02, 2.36373596e+02,
    1.95125671e+02, 2.44045731e+02, 1.97248993e+02, 2.51333038e+02,
    1.73085190e+02, 1.98640732e+02, 1.75458023e+02, 2.06696030e+02,
    1.77858704e+02, 2.14615402e+02, 1.80212280e+02, 2.22468948e+02,
    1.82593765e+02, 2.30275818e+02, 1.84817932e+02, 2.37876907e+02,
    1.87097778e+02, 2.45292877e+02, 1.89313431e+02, 2.52653000e+02,
    1.64820129e+02, 2.00161545e+02, 1.67329620e+02, 2.08216507e+02,
    1.69789017e+02, 2.16160294e+02, 1.72155945e+02, 2.24019028e+02,
    1.74502441e+02, 2.31617935e+02, 1.76830994e+02, 2.39180649e+02,
    1.79102859e+02, 2.46658157e+02, 1.81409485e+02, 2.54059692e+02,
    1.56741669e+02, 2.01633316e+02, 1.59212326e+02, 2.09645004e+02,
    1.61634735e+02, 2.17476746e+02, 1.64123566e+02, 2.25274704e+02,
    1.66587570e+02, 2.33073135e+02, 1.68984055e+02, 2.40475876e+02,
    1.71338242e+02, 2.48026016e+02, 1.73701691e+02, 2.55198517e+02,
    1.48462143e+02, 2.03184967e+02, 1.51094299e+02, 2.11177414e+02,
    1.53616455e+02, 2.19073441e+02, 1.56152832e+02, 2.26708633e+02,
    1.58571381e+02, 2.34268280e+02, 1.61067291e+02, 2.41842239e+02,
    1.63452530e+02, 2.49191071e+02, 1.65822815e+02, 2.56491730e+02 ]
