%YAML:1.0
---
points: [ 1.87944183e+02, 1.83994629e+02, 1.90661133e+02, 1.92376465e+02,
    1.93249023e+02, 2.00690063e+02, 1.95713043e+02, 2.08732498e+02,
    1.98218781e+02, 2.16818146e+02, 2.00521866e+02, 2.24731186e+02,
    2.02769257e+02, 2.32548416e+02, 2.05070480e+02, 2.40181580e+02,
    1.79126556e+02, 1.85731827e+02, 1.81871185e+02, 1.94163086e+02,
    1.84414597e+02, 2.02377991e+02, 1.86970001e+02, 2.10388458e+02,
    1.89482635e+02, 2.18471527e+02, 1.91948318e+02, 2.26426895e+02,
    1.94292389e+02, 2.34199249e+02, 1.96681900e+02, 2.41778046e+02,
    1.70070862e+02, 1.87543427e+02, 1.72893021e+02, 1.95875244e+02,
    1.75603485e+02, 2.04126495e+02, 1.78277908e+02, 2.12189758e+02,
    1.80856384e+02, 2.20224533e+02, 1.83375259e+02, 2.28118149e+02,
    1.85806366e+02, 2.35824432e+02, 1.88202789e+02, 2.43346161e+02,
    1.61197388e+02, 1.89248062e+02, 1.64078735e+02, 1.97590164e+02,
    1.66914124e+02, 2.05806671e+02, 1.69551178e+02, 2.13876083e+02,
    1.72241226e+02, 2.21887177e+02, 1.74828094e+02, 2.29723389e+02,
    1.77333527e+02, 2.37347107e+02, 1.79787201e+02, 2.45005402e+02,
    1.52232452e+02, 1.91007126e+02, 1.55212158e+02, 1.99275833e+02,
    1.58076370e+02, 2.07573196e+02, 1.60845490e+02, 2.15441132e+02,
    1.63615646e+02, 2.23569870e+02, 1.66263458e+02, 2.31331985e+02,
    1.68885345e+02, 2.39093796e+02, 1.71447693e+02, 2.46590698e+02,
    1.43506348e+02, 1.92783356e+02, 1.46449356e+02, 2.01103592e+02,
    1.49387527e+02, 2.09253281e+02, 1.52236115e+02, 2.17345917e+02,
    1.55026672e+02, 2.25276123e+02, 1.57748947e+02, 2.33083649e+02,
    1.60494797e+02, 2.40741180e+02, 1.63118073e+02, 2.48224747e+02,
    1.34597000e+02, 1.94527176e+02, 1.37693817e+02, 2.02917572e+02,
    1.40688156e+02, 2.11026642e+02, 1.43625854e+02, 2.19144226e+02,
    1.46508270e+02, 2.27029770e+02, 1.49292847e+02, 2.34754135e+02,
    1.51969009e+02, 2.42327988e+02, 1.54756165e+02, 2.49768494e+02,
    1.25805305e+02, 1.96253693e+02, 1.28921249e+02, 2.04582306e+02,
    1.31968338e+02, 2.12789978e+02, 1.34949646e+02, 2.20837234e+02,
    1.37863815e+02, 2.28722015e+02, 1.40747147e+02, 2.36378326e+02,
    1.43628586e+02, 2.44006577e+02, 1.46418152e+02, 2.51362335e+02,
    1.17055557e+02, 1.98094482e+02, 1.20234192e+02, 2.06387405e+02,
    1.23279709e+02, 2.14534851e+02, 1.26372215e+02, 2.22446228e+02,
    1.29368210e+02, 2.30359467e+02, 1.32335037e+02, 2.38113449e+02,
    1.35232712e+02, 2.45601578e+02, 1.38140961e+02, 2.53016846e+02,
    1.08358452e+02, 1.99799728e+02, 1.11590584e+02, 2.08091843e+02,
    1.14745964e+02, 2.16136871e+02, 1.17901604e+02, 2.24203247e+02,
    1.20974434e+02, 2.32095413e+02, 1.24023499e+02, 2.39651291e+02,
    1.27018326e+02, 2.47134171e+02, 1.29963333e+02, 2.54448318e+02,
    9.96089172e+01, 2.01569366e+02, 1.02931374e+02, 2.09800491e+02,
    1.06166679e+02, 2.17902145e+02, 1.09365822e+02, 2.25880936e+02,
    1.12521973e+02, 2.33580551e+02, 1.15650940e+02, 2.41184479e+02,
    1.18700806e+02, 2.48637680e+02, 1.21700233e+02, 2.56104156e+02 ]
