%YAML:1.0
---
points: [ 1.61110626e+02, 1.79390610e+02, 1.64469177e+02, 1.88443039e+02,
    1.67661392e+02, 1.97375854e+02, 1.70755615e+02, 2.06087082e+02,
    1.73742355e+02, 2.14631104e+02, 1.76640671e+02, 2.23107666e+02,
    1.79461700e+02, 2.31375473e+02, 1.82268951e+02, 2.39520599e+02,
    1.51696899e+02, 1.81447968e+02, 1.54969559e+02, 1.90493240e+02,
    1.58254669e+02, 1.99330734e+02, 1.61422409e+02, 2.08069809e+02,
    1.64550903e+02, 2.16605026e+02, 1.67628433e+02, 2.24968781e+02,
    1.70509445e+02, 2.33214691e+02, 1.73376236e+02, 2.41312149e+02,
    1.42112167e+02, 1.83540115e+02, 1.45623779e+02, 1.92493607e+02,
    1.48966446e+02, 2.01305771e+02, 1.52189575e+02, 2.09950272e+02,
    1.55428207e+02, 2.18504333e+02, 1.58507278e+02, 2.26957001e+02,
    1.61523499e+02, 2.35183502e+02, 1.64514633e+02, 2.43210968e+02,
    1.32742538e+02, 1.85471069e+02, 1.36221329e+02, 1.94459518e+02,
    1.39747345e+02, 2.03295120e+02, 1.42978683e+02, 2.11950592e+02,
    1.46299484e+02, 2.20481277e+02, 1.49529602e+02, 2.28836136e+02,
    1.52581802e+02, 2.37083908e+02, 1.55630859e+02, 2.45108475e+02,
    1.23313690e+02, 1.87663574e+02, 1.26901161e+02, 1.96541931e+02,
    1.30418243e+02, 2.05298294e+02, 1.33865005e+02, 2.13963501e+02,
    1.37124191e+02, 2.22414551e+02, 1.40425751e+02, 2.30778900e+02,
    1.43650070e+02, 2.38975266e+02, 1.46771118e+02, 2.46952621e+02,
    1.14003716e+02, 1.89649155e+02, 1.17694412e+02, 1.98515640e+02,
    1.21245003e+02, 2.07301178e+02, 1.24769722e+02, 2.15922028e+02,
    1.28183731e+02, 2.24371780e+02, 1.31519287e+02, 2.32709824e+02,
    1.34777664e+02, 2.40815125e+02, 1.38011978e+02, 2.48769272e+02,
    1.04744888e+02, 1.91719238e+02, 1.08413216e+02, 2.00543411e+02,
    1.12029694e+02, 2.09318985e+02, 1.15620987e+02, 2.17914383e+02,
    1.19115692e+02, 2.26343704e+02, 1.22529152e+02, 2.34566483e+02,
    1.25887184e+02, 2.42650711e+02, 1.29190338e+02, 2.50448257e+02,
    9.55105515e+01, 1.93751419e+02, 9.92143784e+01, 2.02631851e+02,
    1.02963097e+02, 2.11317581e+02, 1.06527199e+02, 2.19927155e+02,
    1.10094910e+02, 2.28310593e+02, 1.13559792e+02, 2.36474564e+02,
    1.17035255e+02, 2.44450165e+02, 1.20423897e+02, 2.52368881e+02,
    8.63338623e+01, 1.95848862e+02, 9.01399994e+01, 2.04647247e+02,
    9.38539886e+01, 2.13370438e+02, 9.75166855e+01, 2.21835129e+02,
    1.01201477e+02, 2.30271927e+02, 1.04731850e+02, 2.38331299e+02,
    1.08296898e+02, 2.46352997e+02, 1.11775223e+02, 2.54180862e+02,
    7.72894974e+01, 1.97818558e+02, 8.12040176e+01, 2.06644775e+02,
    8.49965973e+01, 2.15263428e+02, 8.87324829e+01, 2.23750931e+02,
    9.24348907e+01, 2.32073792e+02, 9.60769653e+01, 2.40186310e+02,
    9.96506500e+01, 2.48151718e+02, 1.03225060e+02, 2.55887802e+02,
    6.83088913e+01, 1.99852386e+02, 7.22011261e+01, 2.08519577e+02,
    7.61023026e+01, 2.17213776e+02, 7.99006653e+01, 2.25550537e+02,
    8.36442413e+01, 2.33873352e+02, 8.73867035e+01, 2.41880417e+02,
    9.10395966e+01, 2.49860397e+02, 9.46035538e+01, 2.57620209e+02 ]
