%YAML:1.0
---
points: [ 2.46844330e+02, 1.81702576e+02, 2.48965393e+02, 1.90901138e+02,
    2.50952988e+02, 1.99958115e+02, 2.52907410e+02, 2.08850647e+02,
    2.54856293e+02, 2.17670029e+02, 2.56683716e+02, 2.26241425e+02,
    2.58489136e+02, 2.34815323e+02, 2.60344177e+02, 2.43225494e+02,
    2.37107040e+02, 1.83762695e+02, 2.39222244e+02, 1.92954880e+02,
    2.41270996e+02, 2.01964615e+02, 2.43294907e+02, 2.10897736e+02,
    2.45360199e+02, 2.19744553e+02, 2.47269775e+02, 2.28267685e+02,
    2.49259399e+02, 2.36767380e+02, 2.51134720e+02, 2.45203644e+02,
    2.27130081e+02, 1.85897263e+02, 2.29430527e+02, 1.95017715e+02,
    2.31597092e+02, 2.04082199e+02, 2.33764526e+02, 2.12965683e+02,
    2.35895020e+02, 2.21750961e+02, 2.37916397e+02, 2.30260529e+02,
    2.39991272e+02, 2.38811386e+02, 2.41972595e+02, 2.47219971e+02,
    2.17378052e+02, 1.87970764e+02, 2.19673889e+02, 1.97036758e+02,
    2.22048920e+02, 2.06062790e+02, 2.24249313e+02, 2.15004379e+02,
    2.26435669e+02, 2.23796677e+02, 2.28579102e+02, 2.32334671e+02,
    2.30691330e+02, 2.40799805e+02, 2.32800247e+02, 2.49148849e+02,
    2.07403351e+02, 1.89999359e+02, 2.09951492e+02, 1.99057236e+02,
    2.12344284e+02, 2.08277054e+02, 2.14633560e+02, 2.17090378e+02,
    2.17016769e+02, 2.25820465e+02, 2.19238098e+02, 2.34326904e+02,
    2.21347260e+02, 2.42796478e+02, 2.23584946e+02, 2.51120728e+02,
    1.97667526e+02, 1.92085739e+02, 2.00203934e+02, 2.01222305e+02,
    2.02733047e+02, 2.10241745e+02, 2.05125000e+02, 2.19135544e+02,
    2.07563248e+02, 2.27921906e+02, 2.09858307e+02, 2.36397644e+02,
    2.12174591e+02, 2.44835678e+02, 2.14396118e+02, 2.53095840e+02,
    1.87768768e+02, 1.94169357e+02, 1.90510529e+02, 2.03253036e+02,
    1.93014572e+02, 2.12312134e+02, 1.95590973e+02, 2.21219498e+02,
    1.98067291e+02, 2.29980530e+02, 2.00455368e+02, 2.38452805e+02,
    2.02756348e+02, 2.46867310e+02, 2.05132019e+02, 2.55118118e+02,
    1.77950851e+02, 1.96266891e+02, 1.80673889e+02, 2.05396286e+02,
    1.83336533e+02, 2.14460083e+02, 1.85904068e+02, 2.23296280e+02,
    1.88524567e+02, 2.32092926e+02, 1.90945419e+02, 2.40564667e+02,
    1.93440399e+02, 2.48893402e+02, 1.95811279e+02, 2.57069672e+02,
    1.68033035e+02, 1.98352142e+02, 1.70938400e+02, 2.07506241e+02,
    1.73645599e+02, 2.16546753e+02, 1.76362686e+02, 2.25381454e+02,
    1.78952682e+02, 2.34171646e+02, 1.81587265e+02, 2.42585815e+02,
    1.84038803e+02, 2.50946198e+02, 1.86558685e+02, 2.59029358e+02,
    1.58319519e+02, 2.00355148e+02, 1.61124634e+02, 2.09566483e+02,
    1.64010208e+02, 2.18580688e+02, 1.66772949e+02, 2.27404495e+02,
    1.69501114e+02, 2.36156036e+02, 1.72162933e+02, 2.44577713e+02,
    1.74805481e+02, 2.52944489e+02, 1.77396790e+02, 2.61020782e+02,
    1.48265991e+02, 2.02496521e+02, 1.51356613e+02, 2.11654404e+02,
    1.54240570e+02, 2.20658493e+02, 1.57106415e+02, 2.29459961e+02,
    1.59919174e+02, 2.38121735e+02, 1.62740540e+02, 2.46575180e+02,
    1.65429611e+02, 2.54831009e+02, 1.68081696e+02, 2.63056305e+02 ]
