%YAML:1.0
---
points: [ 2.56776764e+02, 1.93538406e+02, 2.56335266e+02, 2.02642456e+02,
    2.55771301e+02, 2.11275345e+02, 2.55419662e+02, 2.19874191e+02,
    2.54782211e+02, 2.28252136e+02, 2.54500290e+02, 2.36600067e+02,
    2.53865875e+02, 2.44749390e+02, 2.53568527e+02, 2.52672195e+02,
    2.46706207e+02, 1.92970520e+02, 2.46369690e+02, 2.01951538e+02,
    2.45894531e+02, 2.10811966e+02, 2.45682129e+02, 2.19637512e+02,
    2.45243820e+02, 2.27863190e+02, 2.44816406e+02, 2.36191971e+02,
    2.44590393e+02, 2.44421738e+02, 2.44138855e+02, 2.52380402e+02,
    2.36621124e+02, 1.92713684e+02, 2.36428284e+02, 2.01634460e+02,
    2.36028793e+02, 2.10560333e+02, 2.35765671e+02, 2.19010178e+02,
    2.35668686e+02, 2.27664017e+02, 2.35421570e+02, 2.35835251e+02,
    2.35029724e+02, 2.43999542e+02, 2.34814056e+02, 2.51922501e+02,
    2.26529572e+02, 1.92157913e+02, 2.26356750e+02, 2.01138672e+02,
    2.26167923e+02, 2.09978409e+02, 2.25975922e+02, 2.18703781e+02,
    2.25874954e+02, 2.27246841e+02, 2.25770447e+02, 2.35708679e+02,
    2.25680954e+02, 2.43812469e+02, 2.25618668e+02, 2.51748856e+02,
    2.16171402e+02, 1.91687225e+02, 2.16230118e+02, 2.00813782e+02,
    2.16270004e+02, 2.09684219e+02, 2.16271484e+02, 2.18567825e+02,
    2.16178650e+02, 2.26831467e+02, 2.16143646e+02, 2.35519287e+02,
    2.16132889e+02, 2.43655579e+02, 2.16070877e+02, 2.51638016e+02,
    2.06124756e+02, 1.91418625e+02, 2.06270386e+02, 2.00522263e+02,
    2.06364929e+02, 2.09360855e+02, 2.06457962e+02, 2.18156387e+02,
    2.06587112e+02, 2.26667358e+02, 2.06598282e+02, 2.34942978e+02,
    2.06697479e+02, 2.43321564e+02, 2.06711716e+02, 2.51256607e+02,
    1.95854141e+02, 1.90948883e+02, 1.96181335e+02, 1.99899307e+02,
    1.96388123e+02, 2.08939514e+02, 1.96577332e+02, 2.17823761e+02,
    1.96690262e+02, 2.26564346e+02, 1.96909103e+02, 2.34742004e+02,
    1.97105789e+02, 2.42859680e+02, 1.97353165e+02, 2.50831924e+02,
    1.85600525e+02, 1.90682648e+02, 1.85894836e+02, 1.99673248e+02,
    1.86321671e+02, 2.08782318e+02, 1.86629807e+02, 2.17622650e+02,
    1.86905212e+02, 2.26131287e+02, 1.87212738e+02, 2.34633652e+02,
    1.87552902e+02, 2.42681290e+02, 1.87737305e+02, 2.50661575e+02,
    1.75247070e+02, 1.90001709e+02, 1.75760849e+02, 1.99428970e+02,
    1.76244080e+02, 2.08452621e+02, 1.76593582e+02, 2.17187363e+02,
    1.77107727e+02, 2.25805359e+02, 1.77476685e+02, 2.34269501e+02,
    1.77816360e+02, 2.42558182e+02, 1.78320023e+02, 2.50496658e+02,
    1.65171432e+02, 1.89704376e+02, 1.65558823e+02, 1.98912308e+02,
    1.66262177e+02, 2.07835068e+02, 1.66753128e+02, 2.16857895e+02,
    1.67326279e+02, 2.25552063e+02, 1.67797577e+02, 2.33844269e+02,
    1.68326584e+02, 2.41990738e+02, 1.68825104e+02, 2.49958633e+02,
    1.54536133e+02, 1.89258423e+02, 1.55332764e+02, 1.98683914e+02,
    1.55908997e+02, 2.07614304e+02, 1.56589020e+02, 2.16539703e+02,
    1.57350006e+02, 2.24989975e+02, 1.58044540e+02, 2.33561676e+02,
    1.58593704e+02, 2.41639694e+02, 1.59248917e+02, 2.49688568e+02 ]
