%YAML:1.0
---
points: [ 2.87476471e+02, 1.96658112e+02, 2.84942780e+02, 2.04531433e+02,
    2.82250885e+02, 2.12232132e+02, 2.79770508e+02, 2.19705887e+02,
    2.77350922e+02, 2.27024429e+02, 2.75098389e+02, 2.34199265e+02,
    2.72705963e+02, 2.41389023e+02, 2.70460815e+02, 2.48228851e+02,
    2.78188568e+02, 1.94841385e+02, 2.75700104e+02, 2.02747223e+02,
    2.73276367e+02, 2.10498764e+02, 2.70911407e+02, 2.18093857e+02,
    2.68591248e+02, 2.25427673e+02, 2.66306030e+02, 2.32661560e+02,
    2.64159302e+02, 2.39834503e+02, 2.62006287e+02, 2.46879547e+02,
    2.68885925e+02, 1.92954391e+02, 2.66540985e+02, 2.00940109e+02,
    2.64180878e+02, 2.08767181e+02, 2.61948120e+02, 2.16376297e+02,
    2.59730011e+02, 2.23887634e+02, 2.57603882e+02, 2.31235001e+02,
    2.55496307e+02, 2.38365387e+02, 2.53384277e+02, 2.45412704e+02,
    2.59578644e+02, 1.91162155e+02, 2.57296509e+02, 1.99164642e+02,
    2.55145142e+02, 2.07061707e+02, 2.52916367e+02, 2.14781509e+02,
    2.50847397e+02, 2.22325882e+02, 2.48789703e+02, 2.29671890e+02,
    2.46818008e+02, 2.36978882e+02, 2.44842453e+02, 2.44047592e+02,
    2.50049713e+02, 1.89274643e+02, 2.48026566e+02, 1.97334686e+02,
    2.45905899e+02, 2.05288391e+02, 2.43866852e+02, 2.13170547e+02,
    2.41858093e+02, 2.20763138e+02, 2.39943481e+02, 2.28210953e+02,
    2.38011215e+02, 2.35410583e+02, 2.36184357e+02, 2.42456421e+02,
    2.40682541e+02, 1.87407074e+02, 2.38645920e+02, 1.95474945e+02,
    2.36642029e+02, 2.03583420e+02, 2.34730911e+02, 2.11504807e+02,
    2.32892319e+02, 2.19181458e+02, 2.31027802e+02, 2.26609085e+02,
    2.29235947e+02, 2.33991241e+02, 2.27463181e+02, 2.41131927e+02,
    2.31054382e+02, 1.85574509e+02, 2.29248901e+02, 1.93814774e+02,
    2.27308151e+02, 2.01951462e+02, 2.25524826e+02, 2.09925583e+02,
    2.23739624e+02, 2.17680923e+02, 2.22055084e+02, 2.25158707e+02,
    2.20306061e+02, 2.32448029e+02, 2.18649857e+02, 2.39549133e+02,
    2.21466400e+02, 1.83716797e+02, 2.19688858e+02, 1.92097778e+02,
    2.17942810e+02, 2.00250092e+02, 2.16173035e+02, 2.08262695e+02,
    2.14479309e+02, 2.16122208e+02, 2.12879395e+02, 2.23623840e+02,
    2.11302643e+02, 2.31042313e+02, 2.09739594e+02, 2.38143250e+02,
    2.11655930e+02, 1.81808014e+02, 2.10058029e+02, 1.90309784e+02,
    2.08346603e+02, 1.98559662e+02, 2.06843033e+02, 2.06542847e+02,
    2.05217484e+02, 2.14450287e+02, 2.03748001e+02, 2.22092819e+02,
    2.02208313e+02, 2.29466370e+02, 2.00813751e+02, 2.36600952e+02,
    2.02005112e+02, 1.79989304e+02, 2.00388641e+02, 1.88480057e+02,
    1.98928894e+02, 1.96766891e+02, 1.97375580e+02, 2.04824570e+02,
    1.95911621e+02, 2.12733231e+02, 1.94514969e+02, 2.20380661e+02,
    1.93119446e+02, 2.27902267e+02, 1.91767181e+02, 2.35135330e+02,
    1.91899612e+02, 1.77935410e+02, 1.90538422e+02, 1.86559921e+02,
    1.89130310e+02, 1.95041656e+02, 1.87721390e+02, 2.03033905e+02,
    1.86454514e+02, 2.10957031e+02, 1.85187149e+02, 2.18690277e+02,
    1.83867798e+02, 2.26234848e+02, 1.82635422e+02, 2.33502808e+02 ]
