%YAML:1.0
---
points: [ 3.59906952e+02, 1.94215103e+02, 3.58129181e+02, 2.02675400e+02,
    3.56275055e+02, 2.10953262e+02, 3.54415741e+02, 2.19056320e+02,
    3.52657135e+02, 2.27055374e+02, 3.51004211e+02, 2.34847763e+02,
    3.49356354e+02, 2.42531937e+02, 3.47821472e+02, 2.49809555e+02,
    3.49937439e+02, 1.93259155e+02, 3.48140533e+02, 2.01761795e+02,
    3.46351532e+02, 2.09977875e+02, 3.44784485e+02, 2.18189255e+02,
    3.43178040e+02, 2.26121841e+02, 3.41562988e+02, 2.33877335e+02,
    3.40110901e+02, 2.41552078e+02, 3.38550995e+02, 2.49028473e+02,
    3.39792389e+02, 1.92299866e+02, 3.38195526e+02, 2.00759872e+02,
    3.36642456e+02, 2.09006561e+02, 3.35124298e+02, 2.17156860e+02,
    3.33643341e+02, 2.25121918e+02, 3.32218719e+02, 2.32886627e+02,
    3.30833038e+02, 2.40627884e+02, 3.29473694e+02, 2.48047089e+02,
    3.29824097e+02, 1.91347748e+02, 3.28317474e+02, 1.99884354e+02,
    3.26892120e+02, 2.08178162e+02, 3.25569763e+02, 2.16292770e+02,
    3.24214966e+02, 2.24297119e+02, 3.22890533e+02, 2.32115219e+02,
    3.21631104e+02, 2.39743073e+02, 3.20373901e+02, 2.47106506e+02,
    3.19854645e+02, 1.90459869e+02, 3.18568237e+02, 1.98871414e+02,
    3.17245483e+02, 2.07300919e+02, 3.15973175e+02, 2.15477020e+02,
    3.14783051e+02, 2.23408615e+02, 3.13623749e+02, 2.31223831e+02,
    3.12394958e+02, 2.38734314e+02, 3.11299896e+02, 2.46288193e+02,
    3.10019714e+02, 1.89522980e+02, 3.08810699e+02, 1.98098679e+02,
    3.07667633e+02, 2.06435822e+02, 3.06536346e+02, 2.14564728e+02,
    3.05455841e+02, 2.22549210e+02, 3.04403320e+02, 2.30377380e+02,
    3.03317535e+02, 2.37940842e+02, 3.02311951e+02, 2.45423950e+02,
    3.00211731e+02, 1.88632446e+02, 2.99141602e+02, 1.97093109e+02,
    2.98104919e+02, 2.05632751e+02, 2.97120056e+02, 2.13812408e+02,
    2.96131683e+02, 2.21767700e+02, 2.95183441e+02, 2.29577957e+02,
    2.94203430e+02, 2.37082413e+02, 2.93318848e+02, 2.44436218e+02,
    2.90366180e+02, 1.87733795e+02, 2.89493073e+02, 1.96296570e+02,
    2.88643524e+02, 2.04733780e+02, 2.87650513e+02, 2.12877670e+02,
    2.86822601e+02, 2.20840256e+02, 2.85928741e+02, 2.28637207e+02,
    2.85160767e+02, 2.36171631e+02, 2.84290527e+02, 2.43593216e+02,
    2.80686523e+02, 1.86924500e+02, 2.79843201e+02, 1.95537689e+02,
    2.79028442e+02, 2.03906113e+02, 2.78273132e+02, 2.12136307e+02,
    2.77575745e+02, 2.20105911e+02, 2.76778168e+02, 2.27803574e+02,
    2.76024872e+02, 2.35347977e+02, 2.75391663e+02, 2.42679016e+02,
    2.71063049e+02, 1.86032394e+02, 2.70409302e+02, 1.94671310e+02,
    2.69654816e+02, 2.02933136e+02, 2.68965424e+02, 2.11210281e+02,
    2.68408752e+02, 2.19138718e+02, 2.67734955e+02, 2.26780273e+02,
    2.67111328e+02, 2.34413101e+02, 2.66628174e+02, 2.41754562e+02,
    2.61312988e+02, 1.85191025e+02, 2.60733826e+02, 1.93691025e+02,
    2.60141815e+02, 2.02088577e+02, 2.59698425e+02, 2.10228195e+02,
    2.59129883e+02, 2.18228424e+02, 2.58642731e+02, 2.25884033e+02,
    2.58019745e+02, 2.33466064e+02, 2.57678802e+02, 2.40786163e+02 ]
