%YAML:1.0
---
points: [ 3.61292053e+02, 1.96645859e+02, 3.58134338e+02, 2.04959412e+02,
    3.54932343e+02, 2.12826050e+02, 3.51863190e+02, 2.20667786e+02,
    3.48858307e+02, 2.28332428e+02, 3.46022736e+02, 2.35796799e+02,
    3.43207001e+02, 2.43182312e+02, 3.40476105e+02, 2.50304626e+02,
    3.51724304e+02, 1.94636215e+02, 3.48536041e+02, 2.02848724e+02,
    3.45484619e+02, 2.10827789e+02, 3.42573242e+02, 2.18757156e+02,
    3.39707733e+02, 2.26440353e+02, 3.36954987e+02, 2.33961044e+02,
    3.34286652e+02, 2.41281769e+02, 3.31638885e+02, 2.48554092e+02,
    3.41819946e+02, 1.92616791e+02, 3.38992218e+02, 2.00861923e+02,
    3.36050262e+02, 2.08861801e+02, 3.33266937e+02, 2.16792404e+02,
    3.30536011e+02, 2.24492630e+02, 3.27905487e+02, 2.32149597e+02,
    3.25339050e+02, 2.39453522e+02, 3.22862671e+02, 2.46649185e+02,
    3.32340027e+02, 1.90595123e+02, 3.29386230e+02, 1.98842529e+02,
    3.26669647e+02, 2.07023880e+02, 3.24079926e+02, 2.14884918e+02,
    3.21461334e+02, 2.22696167e+02, 3.18903717e+02, 2.30285126e+02,
    3.16463776e+02, 2.37684875e+02, 3.14050049e+02, 2.44904312e+02,
    3.22528442e+02, 1.88552490e+02, 3.19956360e+02, 1.96890762e+02,
    3.17291626e+02, 2.05092300e+02, 3.14763947e+02, 2.13075623e+02,
    3.12263428e+02, 2.20928192e+02, 3.09930573e+02, 2.28481949e+02,
    3.07442322e+02, 2.36013306e+02, 3.05215118e+02, 2.43187836e+02,
    3.12980164e+02, 1.86563721e+02, 3.10377319e+02, 1.94983871e+02,
    3.07939819e+02, 2.03131485e+02, 3.05489990e+02, 2.11234558e+02,
    3.03223969e+02, 2.19078445e+02, 3.00858490e+02, 2.26671661e+02,
    2.98627838e+02, 2.34179947e+02, 2.96451233e+02, 2.41408249e+02,
    3.03259186e+02, 1.84604797e+02, 3.00943390e+02, 1.93002609e+02,
    2.98511719e+02, 2.01280991e+02, 2.96251434e+02, 2.09334000e+02,
    2.94016388e+02, 2.17240921e+02, 2.91875793e+02, 2.24931290e+02,
    2.89671509e+02, 2.32332062e+02, 2.87603943e+02, 2.39572266e+02,
    2.93669373e+02, 1.82659058e+02, 2.91364594e+02, 1.91054749e+02,
    2.89191711e+02, 1.99390686e+02, 2.86935699e+02, 2.07549469e+02,
    2.84828156e+02, 2.15434067e+02, 2.82766571e+02, 2.23081467e+02,
    2.80776428e+02, 2.30586365e+02, 2.78757172e+02, 2.37752899e+02,
    2.84054596e+02, 1.80656738e+02, 2.81884460e+02, 1.89171677e+02,
    2.79771332e+02, 1.97507507e+02, 2.77686859e+02, 2.05694077e+02,
    2.75679047e+02, 2.13680878e+02, 2.73730927e+02, 2.21271210e+02,
    2.71821686e+02, 2.28756546e+02, 2.69955109e+02, 2.35960052e+02,
    2.74448395e+02, 1.78721954e+02, 2.72359436e+02, 1.87227402e+02,
    2.70398987e+02, 1.95604446e+02, 2.68446289e+02, 2.03803207e+02,
    2.66534393e+02, 2.11763916e+02, 2.64723083e+02, 2.19449860e+02,
    2.62953522e+02, 2.26909439e+02, 2.61179596e+02, 2.34193283e+02,
    2.64641266e+02, 1.76652451e+02, 2.62827881e+02, 1.85291687e+02,
    2.60913422e+02, 1.93529541e+02, 2.59155243e+02, 2.01796295e+02,
    2.57325195e+02, 2.09732483e+02, 2.55605423e+02, 2.17469894e+02,
    2.53912231e+02, 2.24955826e+02, 2.52246933e+02, 2.32326401e+02 ]
