%YAML:1.0
---
points: [ 4.00024078e+02, 1.91260818e+02, 3.97202911e+02, 2.00279678e+02,
    3.94404938e+02, 2.09034210e+02, 3.91762878e+02, 2.17638184e+02,
    3.89181122e+02, 2.26040955e+02, 3.86643768e+02, 2.34280945e+02,
    3.84194885e+02, 2.42319244e+02, 3.81774292e+02, 2.50282471e+02,
    3.89206177e+02, 1.89590195e+02, 3.86576538e+02, 1.98515060e+02,
    3.83994232e+02, 2.07333557e+02, 3.81437836e+02, 2.16081207e+02,
    3.79006836e+02, 2.24370407e+02, 3.76608337e+02, 2.32658096e+02,
    3.74303101e+02, 2.40712204e+02, 3.72046478e+02, 2.48483368e+02,
    3.78506958e+02, 1.87868881e+02, 3.75999908e+02, 1.97001602e+02,
    3.73542542e+02, 2.05723816e+02, 3.71174377e+02, 2.14349060e+02,
    3.68873627e+02, 2.22838638e+02, 3.66680450e+02, 2.31061523e+02,
    3.64452271e+02, 2.39105057e+02, 3.62340302e+02, 2.46930893e+02,
    3.67938446e+02, 1.86256012e+02, 3.65537720e+02, 1.95314026e+02,
    3.63242645e+02, 2.04152557e+02, 3.61050873e+02, 2.12669601e+02,
    3.58904541e+02, 2.21148621e+02, 3.56794464e+02, 2.29381546e+02,
    3.54768005e+02, 2.37387497e+02, 3.52738190e+02, 2.45266418e+02,
    3.57256714e+02, 1.84594513e+02, 3.55121490e+02, 1.93715591e+02,
    3.53001740e+02, 2.02475922e+02, 3.50933655e+02, 2.11160126e+02,
    3.48914368e+02, 2.19536453e+02, 3.46945435e+02, 2.27847183e+02,
    3.44958923e+02, 2.35861862e+02, 3.43206085e+02, 2.43586853e+02,
    3.46954834e+02, 1.83163956e+02, 3.44884552e+02, 1.92187134e+02,
    3.42850281e+02, 2.00942764e+02, 3.40919373e+02, 2.09540298e+02,
    3.39024658e+02, 2.18142853e+02, 3.37174622e+02, 2.26276688e+02,
    3.35436310e+02, 2.34297256e+02, 3.33689972e+02, 2.42110886e+02,
    3.36501434e+02, 1.81585251e+02, 3.34655518e+02, 1.90556824e+02,
    3.32785156e+02, 1.99408951e+02, 3.30962616e+02, 2.08128647e+02,
    3.29247437e+02, 2.16474289e+02, 3.27538361e+02, 2.24679459e+02,
    3.25866547e+02, 2.32641693e+02, 3.24243134e+02, 2.40399841e+02,
    3.26297089e+02, 1.80107620e+02, 3.24458435e+02, 1.89122955e+02,
    3.22764465e+02, 1.98012085e+02, 3.21061401e+02, 2.06472778e+02,
    3.19447937e+02, 2.14992828e+02, 3.17856750e+02, 2.23158279e+02,
    3.16366821e+02, 2.31100037e+02, 3.14805725e+02, 2.38753296e+02,
    3.16058563e+02, 1.78547577e+02, 3.14453644e+02, 1.87615845e+02,
    3.12805634e+02, 1.96439575e+02, 3.11323883e+02, 2.05036545e+02,
    3.09754456e+02, 2.13457993e+02, 3.08336823e+02, 2.21570053e+02,
    3.06896545e+02, 2.29508316e+02, 3.05505615e+02, 2.37205765e+02,
    3.06074768e+02, 1.76985962e+02, 3.04481964e+02, 1.86140686e+02,
    3.03102417e+02, 1.94854660e+02, 3.01621429e+02, 2.03445679e+02,
    3.00224609e+02, 2.11908112e+02, 2.98914276e+02, 2.20098206e+02,
    2.97569092e+02, 2.27946548e+02, 2.96294617e+02, 2.35565613e+02,
    2.95823059e+02, 1.75463028e+02, 2.94458496e+02, 1.84568237e+02,
    2.93180603e+02, 1.93266403e+02, 2.91912384e+02, 2.01917297e+02,
    2.90713501e+02, 2.10282150e+02, 2.89449615e+02, 2.18328110e+02,
    2.88268219e+02, 2.26289948e+02, 2.87150330e+02, 2.33949036e+02 ]
