%YAML:1.0
---
points: [ 3.91908905e+02, 2.03112411e+02, 3.87117554e+02, 2.11197052e+02,
    3.82441193e+02, 2.19207214e+02, 3.77952484e+02, 2.26907654e+02,
    3.73493927e+02, 2.34466766e+02, 3.69212280e+02, 2.42050613e+02,
    3.65061615e+02, 2.49344315e+02, 3.60959656e+02, 2.56442780e+02,
    3.82245422e+02, 1.99454254e+02, 3.77579803e+02, 2.07651749e+02,
    3.73083710e+02, 2.15711227e+02, 3.68605743e+02, 2.23543549e+02,
    3.64367889e+02, 2.31187958e+02, 3.60176178e+02, 2.38669022e+02,
    3.56156494e+02, 2.46101791e+02, 3.52156677e+02, 2.53213226e+02,
    3.72557892e+02, 1.96020599e+02, 3.68046814e+02, 2.04197571e+02,
    3.63664307e+02, 2.12227585e+02, 3.59407135e+02, 2.20167877e+02,
    3.55234985e+02, 2.27949677e+02, 3.51176392e+02, 2.35439270e+02,
    3.47255127e+02, 2.42870773e+02, 3.43339783e+02, 2.50128906e+02,
    3.62968750e+02, 1.92456589e+02, 3.58564667e+02, 2.00709000e+02,
    3.54322845e+02, 2.08865662e+02, 3.50214966e+02, 2.16754883e+02,
    3.46144684e+02, 2.24543625e+02, 3.42209747e+02, 2.32153015e+02,
    3.38376282e+02, 2.39607040e+02, 3.34636017e+02, 2.46908508e+02,
    3.53265533e+02, 1.89007523e+02, 3.49152527e+02, 1.97279144e+02,
    3.44907715e+02, 2.05400772e+02, 3.40913239e+02, 2.13434555e+02,
    3.37017517e+02, 2.21274811e+02, 3.33263489e+02, 2.29039108e+02,
    3.29458771e+02, 2.36340118e+02, 3.25847839e+02, 2.43616852e+02,
    3.43768768e+02, 1.85409149e+02, 3.39675873e+02, 1.93816406e+02,
    3.35649445e+02, 2.02107330e+02, 3.31760162e+02, 2.10202347e+02,
    3.27960419e+02, 2.18055847e+02, 3.24286469e+02, 2.25684189e+02,
    3.20685577e+02, 2.33245972e+02, 3.17164856e+02, 2.40468613e+02,
    3.34206146e+02, 1.81947906e+02, 3.30236298e+02, 1.90515869e+02,
    3.26385101e+02, 1.98841934e+02, 3.22634155e+02, 2.06962280e+02,
    3.18892303e+02, 2.14862045e+02, 3.15330566e+02, 2.22567459e+02,
    3.11832855e+02, 2.29968063e+02, 3.08370728e+02, 2.37293518e+02,
    3.24685730e+02, 1.78639359e+02, 3.20798126e+02, 1.87127060e+02,
    3.17028900e+02, 1.95444519e+02, 3.13388550e+02, 2.03587143e+02,
    3.09798096e+02, 2.11534927e+02, 3.06330109e+02, 2.19300064e+02,
    3.02988678e+02, 2.26834061e+02, 2.99675629e+02, 2.34079269e+02,
    3.15153290e+02, 1.75153641e+02, 3.11408020e+02, 1.83804901e+02,
    3.07812683e+02, 1.92167725e+02, 3.04262421e+02, 2.00314804e+02,
    3.00775299e+02, 2.08284698e+02, 2.97459198e+02, 2.16082809e+02,
    2.94164581e+02, 2.23470367e+02, 2.90947052e+02, 2.30895081e+02,
    3.05736511e+02, 1.71783005e+02, 3.02125854e+02, 1.80346298e+02,
    2.98610016e+02, 1.88794785e+02, 2.95162750e+02, 1.97030212e+02,
    2.91857758e+02, 2.05032333e+02, 2.88535492e+02, 2.12788376e+02,
    2.85410034e+02, 2.20370407e+02, 2.82373016e+02, 2.27651474e+02,
    2.96107605e+02, 1.68219559e+02, 2.92715515e+02, 1.76970779e+02,
    2.89273010e+02, 1.85385712e+02, 2.85997955e+02, 1.93602585e+02,
    2.82783081e+02, 2.01609650e+02, 2.79695404e+02, 2.09388275e+02,
    2.76599152e+02, 2.17099655e+02, 2.73633392e+02, 2.24444153e+02 ]
