%YAML:1.0
---
points: [ 3.81913788e+02, 2.11552185e+02, 3.75816040e+02, 2.18903320e+02,
    3.69933502e+02, 2.25961105e+02, 3.64172241e+02, 2.32849701e+02,
    3.58476227e+02, 2.39598938e+02, 3.53009613e+02, 2.46316956e+02,
    3.47666107e+02, 2.52872971e+02, 3.42317322e+02, 2.59242004e+02,
    3.73373474e+02, 2.06734238e+02, 3.67408051e+02, 2.14063461e+02,
    3.61586578e+02, 2.21199005e+02, 3.55925354e+02, 2.28190842e+02,
    3.50380920e+02, 2.35107986e+02, 3.44996277e+02, 2.41846664e+02,
    3.39702637e+02, 2.48382416e+02, 3.34585602e+02, 2.54896301e+02,
    3.64783447e+02, 2.01805420e+02, 3.58948883e+02, 2.09232025e+02,
    3.53268188e+02, 2.16409348e+02, 3.47669464e+02, 2.23494339e+02,
    3.42226715e+02, 2.30426117e+02, 3.36991852e+02, 2.37293991e+02,
    3.31768738e+02, 2.44006531e+02, 3.26652039e+02, 2.50455002e+02,
    3.56328308e+02, 1.96948883e+02, 3.50505951e+02, 2.04374451e+02,
    3.44905792e+02, 2.11677353e+02, 3.39461304e+02, 2.18878372e+02,
    3.34138306e+02, 2.25923447e+02, 3.28903168e+02, 2.32762192e+02,
    3.23799042e+02, 2.39479172e+02, 3.18810455e+02, 2.46134613e+02,
    3.47665466e+02, 1.92027725e+02, 3.42070221e+02, 1.99517105e+02,
    3.36553192e+02, 2.06986557e+02, 3.31192993e+02, 2.14190002e+02,
    3.25892670e+02, 2.21317200e+02, 3.20846832e+02, 2.28283707e+02,
    3.15822968e+02, 2.35110214e+02, 3.10928070e+02, 2.41636505e+02,
    3.39145325e+02, 1.87144775e+02, 3.33580505e+02, 1.94748825e+02,
    3.28205566e+02, 2.02257141e+02, 3.22937988e+02, 2.09566162e+02,
    3.17782623e+02, 2.16831268e+02, 3.12787872e+02, 2.23781479e+02,
    3.07860779e+02, 2.30642807e+02, 3.03056091e+02, 2.37327805e+02,
    3.30600128e+02, 1.82207001e+02, 3.25139984e+02, 1.89996124e+02,
    3.19842834e+02, 1.97598511e+02, 3.14668732e+02, 2.05009125e+02,
    3.09559265e+02, 2.12213364e+02, 3.04701416e+02, 2.19296143e+02,
    2.99848297e+02, 2.26158127e+02, 2.95155792e+02, 2.32837845e+02,
    3.22025482e+02, 1.77302612e+02, 3.16635529e+02, 1.85173126e+02,
    3.11444550e+02, 1.92843155e+02, 3.06303986e+02, 2.00265518e+02,
    3.01318298e+02, 2.07622116e+02, 2.96495514e+02, 2.14821121e+02,
    2.91731567e+02, 2.21607697e+02, 2.87161896e+02, 2.28352585e+02,
    3.13280731e+02, 1.72403076e+02, 3.08140686e+02, 1.80388794e+02,
    3.03037170e+02, 1.88111847e+02, 2.98030487e+02, 1.95651428e+02,
    2.93132416e+02, 2.03034912e+02, 2.88376099e+02, 2.10187469e+02,
    2.83740448e+02, 2.17228363e+02, 2.79240753e+02, 2.23900589e+02,
    3.04851562e+02, 1.67580368e+02, 2.99620605e+02, 1.75513275e+02,
    2.94602844e+02, 1.83316879e+02, 2.89734161e+02, 1.90933899e+02,
    2.84958740e+02, 1.98343948e+02, 2.80243744e+02, 2.05543335e+02,
    2.75738953e+02, 2.12709198e+02, 2.71257935e+02, 2.19431610e+02,
    2.96071899e+02, 1.62509323e+02, 2.91027069e+02, 1.70575012e+02,
    2.86109589e+02, 1.78386032e+02, 2.81339966e+02, 1.86145340e+02,
    2.76599091e+02, 1.93561844e+02, 2.72144226e+02, 2.00859772e+02,
    2.67606354e+02, 2.07946335e+02, 2.63275391e+02, 2.14917130e+02 ]
