%YAML:1.0
---
points: [ 3.75263672e+02, 2.14300690e+02, 3.68530212e+02, 2.21035339e+02,
    3.61848480e+02, 2.27525757e+02, 3.55357971e+02, 2.33982544e+02,
    3.49031158e+02, 2.40207993e+02, 3.42783936e+02, 2.46443314e+02,
    3.36729736e+02, 2.52494965e+02, 3.30820404e+02, 2.58493073e+02,
    3.67545776e+02, 2.08565399e+02, 3.60777832e+02, 2.15331085e+02,
    3.54262970e+02, 2.21988785e+02, 3.47842255e+02, 2.28426971e+02,
    3.41572937e+02, 2.34846176e+02, 3.35449341e+02, 2.41166763e+02,
    3.29431458e+02, 2.47317734e+02, 3.23582336e+02, 2.53317001e+02,
    3.59715973e+02, 2.02833893e+02, 3.53115845e+02, 2.09664536e+02,
    3.46650970e+02, 2.16389267e+02, 3.40334747e+02, 2.23023880e+02,
    3.34150787e+02, 2.29460388e+02, 3.28065979e+02, 2.35838730e+02,
    3.22164673e+02, 2.42080505e+02, 3.16314667e+02, 2.48180084e+02,
    3.52014496e+02, 1.97123566e+02, 3.45430359e+02, 2.04005142e+02,
    3.39071228e+02, 2.10844803e+02, 3.32795685e+02, 2.17479721e+02,
    3.26633606e+02, 2.24102692e+02, 3.20662018e+02, 2.30529938e+02,
    3.14836639e+02, 2.36886185e+02, 3.09105621e+02, 2.43049942e+02,
    3.44138275e+02, 1.91287521e+02, 3.37688843e+02, 1.98335892e+02,
    3.31339813e+02, 2.05300964e+02, 3.25187378e+02, 2.12025131e+02,
    3.19142914e+02, 2.18720276e+02, 3.13277802e+02, 2.25239258e+02,
    3.07397186e+02, 2.31576538e+02, 3.01821106e+02, 2.37787415e+02,
    3.36319183e+02, 1.85522797e+02, 3.29930328e+02, 1.92698547e+02,
    3.23709961e+02, 1.99695831e+02, 3.17598022e+02, 2.06543945e+02,
    3.11657776e+02, 2.13324692e+02, 3.05786499e+02, 2.19929352e+02,
    3.00138275e+02, 2.26339966e+02, 2.94497498e+02, 2.32634186e+02,
    3.28498688e+02, 1.79802567e+02, 3.22211670e+02, 1.87038116e+02,
    3.16040833e+02, 1.94162811e+02, 3.09973572e+02, 2.01122574e+02,
    3.04106812e+02, 2.07919708e+02, 2.98342804e+02, 2.14553040e+02,
    2.92638672e+02, 2.21116318e+02, 2.87178009e+02, 2.27323395e+02,
    3.20586273e+02, 1.73960663e+02, 3.14314453e+02, 1.81319931e+02,
    3.08256134e+02, 1.88505188e+02, 3.02299072e+02, 1.95558884e+02,
    2.96434296e+02, 2.02414078e+02, 2.90758942e+02, 2.09195648e+02,
    2.85182983e+02, 2.15682404e+02, 2.79725647e+02, 2.22091827e+02,
    3.12643250e+02, 1.68110214e+02, 3.06477264e+02, 1.75640884e+02,
    3.00504120e+02, 1.82908875e+02, 2.94610687e+02, 1.90033401e+02,
    2.88879150e+02, 1.96949615e+02, 2.83238129e+02, 2.03727676e+02,
    2.77687744e+02, 2.10383209e+02, 2.72320221e+02, 2.16813080e+02,
    3.04809753e+02, 1.62328674e+02, 2.98635803e+02, 1.69883987e+02,
    2.92752075e+02, 1.77210999e+02, 2.86945221e+02, 1.84364136e+02,
    2.81227478e+02, 1.91443100e+02, 2.75668182e+02, 1.98226318e+02,
    2.70257080e+02, 2.05019943e+02, 2.64955353e+02, 2.11494583e+02,
    2.96681458e+02, 1.56287643e+02, 2.90727570e+02, 1.64023056e+02,
    2.84839020e+02, 1.71469482e+02, 2.79159088e+02, 1.78661118e+02,
    2.73521576e+02, 1.85798111e+02, 2.68091064e+02, 1.92636353e+02,
    2.62659393e+02, 1.99400681e+02, 2.57471588e+02, 2.06075745e+02 ]
