%YAML:1.0
---
points: [ 2.88344177e+02, 1.61461243e+02, 2.96544464e+02, 1.66322891e+02,
    3.04661591e+02, 1.71409393e+02, 3.12700043e+02, 1.76366501e+02,
    3.20742676e+02, 1.81302521e+02, 3.28725067e+02, 1.86226715e+02,
    3.36694550e+02, 1.91231171e+02, 3.44646149e+02, 1.96164932e+02,
    2.83110016e+02, 1.69455063e+02, 2.91152496e+02, 1.74474503e+02,
    2.99229645e+02, 1.79371140e+02, 3.07267456e+02, 1.84319016e+02,
    3.15267639e+02, 1.89245743e+02, 3.23194092e+02, 1.94126938e+02,
    3.31196838e+02, 1.98989075e+02, 3.39042419e+02, 2.03839539e+02,
    2.77857422e+02, 1.77645035e+02, 2.85969604e+02, 1.82477325e+02,
    2.93955902e+02, 1.87298294e+02, 3.01900818e+02, 1.92110214e+02,
    3.09896423e+02, 1.97038254e+02, 3.17814850e+02, 2.01848740e+02,
    3.25710999e+02, 2.06711121e+02, 3.33501038e+02, 2.11479507e+02,
    2.72722992e+02, 1.85414993e+02, 2.80736969e+02, 1.90273773e+02,
    2.88717560e+02, 1.95109161e+02, 2.96613922e+02, 1.99895828e+02,
    3.04538269e+02, 2.04729279e+02, 3.12423798e+02, 2.09413986e+02,
    3.20299316e+02, 2.14290497e+02, 3.28112793e+02, 2.19038361e+02,
    2.67650635e+02, 1.93275986e+02, 2.75609772e+02, 1.97998123e+02,
    2.83599335e+02, 2.02835236e+02, 2.91450500e+02, 2.07576859e+02,
    2.99344971e+02, 2.12328033e+02, 3.07196716e+02, 2.17084579e+02,
    3.14982361e+02, 2.21772751e+02, 3.22740021e+02, 2.26406158e+02,
    2.62678650e+02, 2.00915924e+02, 2.70612732e+02, 2.05667465e+02,
    2.78506104e+02, 2.10403107e+02, 2.86358490e+02, 2.15149200e+02,
    2.94217163e+02, 2.19761322e+02, 3.02076447e+02, 2.24462936e+02,
    3.09783569e+02, 2.29110138e+02, 3.17516449e+02, 2.33754700e+02,
    2.57747711e+02, 2.08514221e+02, 2.65659363e+02, 2.13254105e+02,
    2.73541748e+02, 2.17893921e+02, 2.81320770e+02, 2.22491302e+02,
    2.89195221e+02, 2.27200897e+02, 2.96923492e+02, 2.31788574e+02,
    3.04603333e+02, 2.36452072e+02, 3.12275940e+02, 2.41047119e+02,
    2.52976318e+02, 2.16105820e+02, 2.60786713e+02, 2.20725235e+02,
    2.68547943e+02, 2.25296799e+02, 2.76315369e+02, 2.29966431e+02,
    2.84129974e+02, 2.34546280e+02, 2.91796661e+02, 2.39147263e+02,
    2.99498352e+02, 2.43658463e+02, 3.07133270e+02, 2.48130936e+02,
    2.48107224e+02, 2.23382355e+02, 2.55992905e+02, 2.27913589e+02,
    2.63720917e+02, 2.32650467e+02, 2.71441498e+02, 2.37198929e+02,
    2.79151093e+02, 2.41756760e+02, 2.86838745e+02, 2.46298019e+02,
    2.94470184e+02, 2.50794830e+02, 3.02072174e+02, 2.55224380e+02,
    2.43411194e+02, 2.30552414e+02, 2.51212952e+02, 2.35245956e+02,
    2.58937439e+02, 2.39748093e+02, 2.66642731e+02, 2.44291336e+02,
    2.74322845e+02, 2.48839493e+02, 2.81908966e+02, 2.53269943e+02,
    2.89515564e+02, 2.57737396e+02, 2.97086945e+02, 2.62137024e+02,
    2.38741913e+02, 2.37864502e+02, 2.46439224e+02, 2.42367111e+02,
    2.54200806e+02, 2.46914322e+02, 2.61786133e+02, 2.51342590e+02,
    2.69467712e+02, 2.55815079e+02, 2.77045074e+02, 2.60241119e+02,
    2.84581299e+02, 2.64639404e+02, 2.92073853e+02, 2.68941803e+02 ]
