%YAML:1.0
---
points: [ 2.64200317e+02, 1.62276520e+02, 2.73100281e+02, 1.65526993e+02,
    2.81949249e+02, 1.68802658e+02, 2.90781311e+02, 1.72103958e+02,
    2.99605774e+02, 1.75390839e+02, 3.08386963e+02, 1.78639618e+02,
    3.17218994e+02, 1.81978928e+02, 3.25905579e+02, 1.85265244e+02,
    2.60789215e+02, 1.71108795e+02, 2.69652863e+02, 1.74359192e+02,
    2.78429352e+02, 1.77695038e+02, 2.87211548e+02, 1.80849762e+02,
    2.96041656e+02, 1.84107162e+02, 3.04723389e+02, 1.87365875e+02,
    3.13481262e+02, 1.90598541e+02, 3.22226562e+02, 1.93810059e+02,
    2.57467621e+02, 1.79941772e+02, 2.66249115e+02, 1.83091568e+02,
    2.75001099e+02, 1.86248474e+02, 2.83711151e+02, 1.89423523e+02,
    2.92436951e+02, 1.92724548e+02, 3.01175781e+02, 1.95927673e+02,
    3.09861511e+02, 1.99168030e+02, 3.18461945e+02, 2.02329620e+02,
    2.54197327e+02, 1.88501068e+02, 2.62921204e+02, 1.91678680e+02,
    2.71600189e+02, 1.94821182e+02, 2.80321381e+02, 1.98005508e+02,
    2.88966553e+02, 2.01250961e+02, 2.97644470e+02, 2.04374741e+02,
    3.06248260e+02, 2.07579605e+02, 3.14882050e+02, 2.10751846e+02,
    2.50915207e+02, 1.96957687e+02, 2.59565094e+02, 2.00147095e+02,
    2.68284821e+02, 2.03336380e+02, 2.76859375e+02, 2.06421783e+02,
    2.85552277e+02, 2.09676270e+02, 2.94119629e+02, 2.12767792e+02,
    3.02741333e+02, 2.15921371e+02, 3.11262360e+02, 2.19144470e+02,
    2.47709625e+02, 2.05446655e+02, 2.56332733e+02, 2.08574142e+02,
    2.64965851e+02, 2.11684067e+02, 2.73537445e+02, 2.14805725e+02,
    2.82200134e+02, 2.17850113e+02, 2.90706787e+02, 2.21079376e+02,
    2.99252472e+02, 2.24141724e+02, 3.07809509e+02, 2.27235062e+02,
    2.44533508e+02, 2.13736603e+02, 2.53144791e+02, 2.16916901e+02,
    2.61717133e+02, 2.19969467e+02, 2.70270813e+02, 2.23043106e+02,
    2.78793701e+02, 2.26156326e+02, 2.87266632e+02, 2.29210373e+02,
    2.95738312e+02, 2.32325333e+02, 3.04248474e+02, 2.35385056e+02,
    2.41387634e+02, 2.22067627e+02, 2.49954285e+02, 2.25096298e+02,
    2.58459656e+02, 2.28124451e+02, 2.66964813e+02, 2.31229736e+02,
    2.75430969e+02, 2.34338684e+02, 2.83915619e+02, 2.37315063e+02,
    2.92323425e+02, 2.40397873e+02, 3.00748596e+02, 2.43361221e+02,
    2.38295593e+02, 2.30117264e+02, 2.46833359e+02, 2.33141159e+02,
    2.55296646e+02, 2.36228668e+02, 2.63741028e+02, 2.39271774e+02,
    2.72192749e+02, 2.42306931e+02, 2.80561218e+02, 2.45350082e+02,
    2.89039398e+02, 2.48366394e+02, 2.97306122e+02, 2.51318741e+02,
    2.35294067e+02, 2.38021713e+02, 2.43736694e+02, 2.41125320e+02,
    2.52177231e+02, 2.44157761e+02, 2.60560760e+02, 2.47197556e+02,
    2.68986847e+02, 2.50237228e+02, 2.77288544e+02, 2.53202118e+02,
    2.85658875e+02, 2.56185211e+02, 2.94014587e+02, 2.59090179e+02,
    2.32215530e+02, 2.46145554e+02, 2.40600967e+02, 2.49116364e+02,
    2.49037323e+02, 2.52139420e+02, 2.57309937e+02, 2.55082077e+02,
    2.65746246e+02, 2.58090820e+02, 2.74044739e+02, 2.61038300e+02,
    2.82313812e+02, 2.63985016e+02, 2.90505066e+02, 2.66989014e+02 ]
