%YAML:1.0
---
points: [ 2.20335129e+02, 1.72791306e+02, 2.28825958e+02, 1.76299896e+02,
    2.37332993e+02, 1.79955978e+02, 2.45695557e+02, 1.83558701e+02,
    2.54153992e+02, 1.87028549e+02, 2.62476807e+02, 1.90543869e+02,
    2.70859558e+02, 1.94148819e+02, 2.79189911e+02, 1.97713348e+02,
    2.16897964e+02, 1.81126221e+02, 2.25369171e+02, 1.84664169e+02,
    2.33817566e+02, 1.88224167e+02, 2.42215256e+02, 1.91706589e+02,
    2.50623474e+02, 1.95199875e+02, 2.58858459e+02, 1.98743378e+02,
    2.67231171e+02, 2.02276550e+02, 2.75503510e+02, 2.05794357e+02,
    2.13532898e+02, 1.89344910e+02, 2.22074875e+02, 1.92876099e+02,
    2.30366196e+02, 1.96290771e+02, 2.38693466e+02, 1.99798401e+02,
    2.47088715e+02, 2.03276581e+02, 2.55308441e+02, 2.06786896e+02,
    2.63600586e+02, 2.10313904e+02, 2.71806061e+02, 2.13948288e+02,
    2.10204132e+02, 1.97396362e+02, 2.18634003e+02, 2.00872543e+02,
    2.27032059e+02, 2.04335281e+02, 2.35275330e+02, 2.07815216e+02,
    2.43556076e+02, 2.11387390e+02, 2.51832611e+02, 2.14801971e+02,
    2.60085083e+02, 2.18237259e+02, 2.68240417e+02, 2.21623718e+02,
    2.07063004e+02, 2.05489059e+02, 2.15332626e+02, 2.08916718e+02,
    2.23620514e+02, 2.12437210e+02, 2.31880569e+02, 2.15901093e+02,
    2.40160248e+02, 2.19282349e+02, 2.48286621e+02, 2.22679443e+02,
    2.56539551e+02, 2.26127289e+02, 2.64624237e+02, 2.29381210e+02,
    2.03736954e+02, 2.13415710e+02, 2.12071198e+02, 2.16894669e+02,
    2.20257935e+02, 2.20266327e+02, 2.28532883e+02, 2.23656937e+02,
    2.36732773e+02, 2.26990570e+02, 2.44896820e+02, 2.30422073e+02,
    2.53076462e+02, 2.33815796e+02, 2.61179993e+02, 2.37166931e+02,
    2.00547714e+02, 2.21334106e+02, 2.08738083e+02, 2.24632217e+02,
    2.17052750e+02, 2.28108414e+02, 2.25148651e+02, 2.31371277e+02,
    2.33363724e+02, 2.34871780e+02, 2.41466873e+02, 2.38155640e+02,
    2.49567505e+02, 2.41536774e+02, 2.57643188e+02, 2.44931412e+02,
    1.97285126e+02, 2.29202850e+02, 2.05456635e+02, 2.32548965e+02,
    2.13728424e+02, 2.35846146e+02, 2.21827042e+02, 2.39217453e+02,
    2.29998444e+02, 2.42498795e+02, 2.38061859e+02, 2.45937820e+02,
    2.46157303e+02, 2.49244888e+02, 2.54152939e+02, 2.52483826e+02,
    1.94155014e+02, 2.36927124e+02, 2.02300034e+02, 2.40231461e+02,
    2.10397369e+02, 2.43553085e+02, 2.18555069e+02, 2.46883057e+02,
    2.26661331e+02, 2.50237228e+02, 2.34704224e+02, 2.53520172e+02,
    2.42737976e+02, 2.56766663e+02, 2.50720581e+02, 2.60091736e+02,
    1.91044174e+02, 2.44505951e+02, 1.99174652e+02, 2.47746597e+02,
    2.07258438e+02, 2.51110733e+02, 2.15275238e+02, 2.54413910e+02,
    2.23392593e+02, 2.57688324e+02, 2.31412888e+02, 2.60968536e+02,
    2.39392715e+02, 2.64241058e+02, 2.47367188e+02, 2.67371613e+02,
    1.87929749e+02, 2.52093323e+02, 1.96019501e+02, 2.55340073e+02,
    2.04094269e+02, 2.58665253e+02, 2.12092422e+02, 2.61914215e+02,
    2.20130692e+02, 2.65181641e+02, 2.28113129e+02, 2.68335938e+02,
    2.36109039e+02, 2.71579376e+02, 2.43972656e+02, 2.74833923e+02 ]
