%YAML:1.0
---
points: [ 2.13206924e+02, 1.75024918e+02, 2.19936386e+02, 1.81346680e+02,
    2.26590912e+02, 1.87712997e+02, 2.33149734e+02, 1.93904358e+02,
    2.39645477e+02, 2.00164627e+02, 2.46095856e+02, 2.06251358e+02,
    2.52425842e+02, 2.12549332e+02, 2.58665741e+02, 2.18599106e+02,
    2.06859009e+02, 1.81350296e+02, 2.13588837e+02, 1.87708511e+02,
    2.20183655e+02, 1.93909424e+02, 2.26786255e+02, 2.00166977e+02,
    2.33294449e+02, 2.06260361e+02, 2.39706360e+02, 2.12446701e+02,
    2.46083694e+02, 2.18578339e+02, 2.52390625e+02, 2.24516678e+02,
    2.00518112e+02, 1.87725647e+02, 2.07271164e+02, 1.93991165e+02,
    2.13906769e+02, 2.00148361e+02, 2.20474838e+02, 2.06203033e+02,
    2.26994629e+02, 2.12403687e+02, 2.33406555e+02, 2.18547211e+02,
    2.39789307e+02, 2.24443344e+02, 2.46081284e+02, 2.30412521e+02,
    1.94274597e+02, 1.93896149e+02, 2.01029556e+02, 2.00126999e+02,
    2.07692871e+02, 2.06179855e+02, 2.14262680e+02, 2.12376999e+02,
    2.20741943e+02, 2.18412140e+02, 2.27182419e+02, 2.24432312e+02,
    2.33569611e+02, 2.30364914e+02, 2.39849136e+02, 2.36262817e+02,
    1.88035645e+02, 2.00141006e+02, 1.94816422e+02, 2.06225800e+02,
    2.01501892e+02, 2.12360916e+02, 2.08086044e+02, 2.18435730e+02,
    2.14520325e+02, 2.24433578e+02, 2.21007172e+02, 2.30337006e+02,
    2.27377579e+02, 2.36252319e+02, 2.33674179e+02, 2.42141022e+02,
    1.81968124e+02, 2.06238815e+02, 1.88692398e+02, 2.12336716e+02,
    1.95342026e+02, 2.18375458e+02, 2.01949799e+02, 2.24413483e+02,
    2.08436172e+02, 2.30363998e+02, 2.14851669e+02, 2.36261261e+02,
    2.21253006e+02, 2.42058136e+02, 2.27551086e+02, 2.47839249e+02,
    1.75812531e+02, 2.12387436e+02, 1.82588623e+02, 2.18391479e+02,
    1.89273041e+02, 2.24439026e+02, 1.95798965e+02, 2.30353241e+02,
    2.02346954e+02, 2.36289093e+02, 2.08744690e+02, 2.42102264e+02,
    2.15174118e+02, 2.47875504e+02, 2.21400345e+02, 2.53612640e+02,
    1.69823212e+02, 2.18425644e+02, 1.76483597e+02, 2.24442108e+02,
    1.83154404e+02, 2.30403381e+02, 1.89723526e+02, 2.36319931e+02,
    1.96238281e+02, 2.42175491e+02, 2.02731155e+02, 2.47940887e+02,
    2.09121216e+02, 2.53550049e+02, 2.15451523e+02, 2.59258820e+02,
    1.63793549e+02, 2.24420212e+02, 1.70520218e+02, 2.30397202e+02,
    1.77112640e+02, 2.36358109e+02, 1.83708176e+02, 2.42195435e+02,
    1.90233047e+02, 2.47985031e+02, 1.96666946e+02, 2.53658188e+02,
    2.03089661e+02, 2.59351074e+02, 2.09324860e+02, 2.64982819e+02,
    1.57908218e+02, 2.30314072e+02, 1.64577744e+02, 2.36276535e+02,
    1.71220825e+02, 2.42111115e+02, 1.77788895e+02, 2.47964111e+02,
    1.84338470e+02, 2.53683975e+02, 1.90762833e+02, 2.59339844e+02,
    1.97153259e+02, 2.64863770e+02, 2.03475281e+02, 2.70406708e+02,
    1.51849213e+02, 2.36262253e+02, 1.58692886e+02, 2.42211853e+02,
    1.65183212e+02, 2.47936768e+02, 1.71882248e+02, 2.53702530e+02,
    1.78327179e+02, 2.59340363e+02, 1.84896896e+02, 2.64958252e+02,
    1.91181625e+02, 2.70458893e+02, 1.97586624e+02, 2.76039734e+02 ]
