%YAML:1.0
---
points: [ 1.66175903e+02, 1.87022400e+02, 1.72786530e+02, 1.93604752e+02,
    1.79189667e+02, 2.00206879e+02, 1.85533646e+02, 2.06599869e+02,
    1.91801971e+02, 2.13151917e+02, 1.97988510e+02, 2.19538803e+02,
    2.04126984e+02, 2.25904129e+02, 2.10074677e+02, 2.32258530e+02,
    1.59879150e+02, 1.92661560e+02, 1.66381714e+02, 1.99301117e+02,
    1.72828232e+02, 2.05778076e+02, 1.79177460e+02, 2.12222000e+02,
    1.85433945e+02, 2.18593491e+02, 1.91585327e+02, 2.25028061e+02,
    1.97702301e+02, 2.31315002e+02, 2.03749283e+02, 2.37483734e+02,
    1.53481308e+02, 1.98404663e+02, 1.60061569e+02, 2.04923431e+02,
    1.66463425e+02, 2.11319016e+02, 1.72810532e+02, 2.17696243e+02,
    1.79097839e+02, 2.24097855e+02, 1.85292389e+02, 2.30359940e+02,
    1.91339188e+02, 2.36641190e+02, 1.97379852e+02, 2.42858139e+02,
    1.47253296e+02, 2.04046173e+02, 1.53784744e+02, 2.10428467e+02,
    1.60193497e+02, 2.16876877e+02, 1.66511856e+02, 2.23195663e+02,
    1.72800125e+02, 2.29489243e+02, 1.78987045e+02, 2.35720398e+02,
    1.85112518e+02, 2.41891510e+02, 1.91184784e+02, 2.48025452e+02,
    1.41001846e+02, 2.09644180e+02, 1.47554596e+02, 2.15991547e+02,
    1.53949677e+02, 2.22324677e+02, 1.60285950e+02, 2.28601288e+02,
    1.66550858e+02, 2.34853683e+02, 1.72735733e+02, 2.41052658e+02,
    1.78830551e+02, 2.47219315e+02, 1.84867279e+02, 2.53268219e+02,
    1.34926468e+02, 2.15063385e+02, 1.41350739e+02, 2.21444611e+02,
    1.47770767e+02, 2.27727020e+02, 1.54111862e+02, 2.33995575e+02,
    1.60375320e+02, 2.40168564e+02, 1.66558838e+02, 2.46286316e+02,
    1.72736145e+02, 2.52312683e+02, 1.78794357e+02, 2.58325043e+02,
    1.28825287e+02, 2.20561600e+02, 1.35265976e+02, 2.26856415e+02,
    1.41681137e+02, 2.33146729e+02, 1.47959503e+02, 2.39283920e+02,
    1.54217224e+02, 2.45464691e+02, 1.60396805e+02, 2.51531982e+02,
    1.66519241e+02, 2.57565674e+02, 1.72565735e+02, 2.63526306e+02,
    1.22772179e+02, 2.26032150e+02, 1.29188278e+02, 2.32277008e+02,
    1.35510712e+02, 2.38448654e+02, 1.41836395e+02, 2.44626877e+02,
    1.48082291e+02, 2.50721603e+02, 1.54276718e+02, 2.56754456e+02,
    1.60459259e+02, 2.62635345e+02, 1.66528702e+02, 2.68470520e+02,
    1.16753944e+02, 2.31357712e+02, 1.23176231e+02, 2.37590363e+02,
    1.29514862e+02, 2.43774155e+02, 1.35852905e+02, 2.49818237e+02,
    1.42132416e+02, 2.55879517e+02, 1.48298752e+02, 2.61836548e+02,
    1.54418793e+02, 2.67749573e+02, 1.60450699e+02, 2.73603851e+02,
    1.10959045e+02, 2.36563568e+02, 1.17326706e+02, 2.42811722e+02,
    1.23663651e+02, 2.48931915e+02, 1.29937759e+02, 2.54975677e+02,
    1.36196457e+02, 2.60966797e+02, 1.42380783e+02, 2.66872253e+02,
    1.48558624e+02, 2.72628174e+02, 1.54677429e+02, 2.78378204e+02,
    1.05018944e+02, 2.41931778e+02, 1.11516907e+02, 2.48090530e+02,
    1.17726120e+02, 2.54088608e+02, 1.24137527e+02, 2.60064270e+02,
    1.30308350e+02, 2.65951599e+02, 1.36605896e+02, 2.71823700e+02,
    1.42579987e+02, 2.77585907e+02, 1.48775620e+02, 2.83413727e+02 ]
