%YAML:1.0
---
points: [ 2.08753098e+02, 1.86419693e+02, 2.13004150e+02, 1.93294022e+02,
    2.17228287e+02, 2.00126923e+02, 2.21275406e+02, 2.06606140e+02,
    2.25387527e+02, 2.13331161e+02, 2.29263031e+02, 2.20092514e+02,
    2.33410278e+02, 2.26445618e+02, 2.37130402e+02, 2.33053009e+02,
    2.01736420e+02, 1.90333054e+02, 2.05967346e+02, 1.97172470e+02,
    2.10170197e+02, 2.03854706e+02, 2.14374802e+02, 2.10400116e+02,
    2.18382660e+02, 2.17236435e+02, 2.22603790e+02, 2.23552490e+02,
    2.26447861e+02, 2.30169144e+02, 2.30478577e+02, 2.36393509e+02,
    1.94565903e+02, 1.94259323e+02, 1.98976059e+02, 2.00961823e+02,
    2.03299225e+02, 2.07669830e+02, 2.07452209e+02, 2.14274368e+02,
    2.11474136e+02, 2.21048096e+02, 2.15778564e+02, 2.27378403e+02,
    2.19733109e+02, 2.33818207e+02, 2.23638824e+02, 2.40289062e+02,
    1.87803299e+02, 1.98043015e+02, 1.92103546e+02, 2.04701050e+02,
    1.96388885e+02, 2.11377731e+02, 2.00591415e+02, 2.18126663e+02,
    2.04839340e+02, 2.24638351e+02, 2.08841461e+02, 2.31199783e+02,
    2.13076874e+02, 2.37457047e+02, 2.17067352e+02, 2.43758652e+02,
    1.80617432e+02, 2.02085236e+02, 1.85229202e+02, 2.08474289e+02,
    1.89430664e+02, 2.15284744e+02, 1.93672546e+02, 2.21895126e+02,
    1.97938965e+02, 2.28421478e+02, 2.02093475e+02, 2.34961655e+02,
    2.06169571e+02, 2.41244781e+02, 2.10185684e+02, 2.47439560e+02,
    1.73835556e+02, 2.05854355e+02, 1.78229797e+02, 2.12347107e+02,
    1.82625214e+02, 2.19088516e+02, 1.86944550e+02, 2.25567871e+02,
    1.91204880e+02, 2.32143524e+02, 1.95294479e+02, 2.38501007e+02,
    1.99461227e+02, 2.44945282e+02, 2.03582504e+02, 2.50899841e+02,
    1.66954590e+02, 2.09631226e+02, 1.71338043e+02, 2.16226440e+02,
    1.75728790e+02, 2.22958374e+02, 1.80104080e+02, 2.29337082e+02,
    1.84271179e+02, 2.35893692e+02, 1.88589081e+02, 2.42161880e+02,
    1.92726837e+02, 2.48570847e+02, 1.96729584e+02, 2.54732651e+02,
    1.60105545e+02, 2.13430252e+02, 1.64450104e+02, 2.20180725e+02,
    1.68966125e+02, 2.26594925e+02, 1.73217484e+02, 2.33187500e+02,
    1.77482849e+02, 2.39532181e+02, 1.81712051e+02, 2.45983795e+02,
    1.85996216e+02, 2.52181763e+02, 1.90149750e+02, 2.58150818e+02,
    1.53116013e+02, 2.17306442e+02, 1.57585480e+02, 2.23957443e+02,
    1.62139389e+02, 2.30345383e+02, 1.66385773e+02, 2.36931854e+02,
    1.70717697e+02, 2.43300980e+02, 1.75107101e+02, 2.49548767e+02,
    1.79198868e+02, 2.55800110e+02, 1.83335754e+02, 2.61899536e+02,
    1.46474655e+02, 2.21007004e+02, 1.50942535e+02, 2.27583481e+02,
    1.55317627e+02, 2.34128708e+02, 1.59868011e+02, 2.40416962e+02,
    1.64041428e+02, 2.47077530e+02, 1.68358200e+02, 2.53184692e+02,
    1.72670944e+02, 2.59382050e+02, 1.77107574e+02, 2.65199951e+02,
    1.39316956e+02, 2.24913223e+02, 1.44307312e+02, 2.31284637e+02,
    1.48403412e+02, 2.37833603e+02, 1.53201233e+02, 2.44211227e+02,
    1.57419754e+02, 2.50450134e+02, 1.62061920e+02, 2.56703827e+02,
    1.65974182e+02, 2.62867767e+02, 1.70503235e+02, 2.68953552e+02 ]
