%YAML:1.0
---
points: [ 2.59400940e+02, 1.87543167e+02, 2.63113098e+02, 1.94360840e+02,
    2.66559509e+02, 2.01345856e+02, 2.70093384e+02, 2.08302780e+02,
    2.73506256e+02, 2.15156219e+02, 2.76979614e+02, 2.21772842e+02,
    2.80274109e+02, 2.28360260e+02, 2.83518005e+02, 2.35012283e+02,
    2.52039627e+02, 1.91066071e+02, 2.55576019e+02, 1.97983139e+02,
    2.59229340e+02, 2.04973129e+02, 2.62791870e+02, 2.11594009e+02,
    2.66272247e+02, 2.18431870e+02, 2.69664978e+02, 2.25150085e+02,
    2.73129242e+02, 2.31702240e+02, 2.76312103e+02, 2.37967987e+02,
    2.44609329e+02, 1.94454697e+02, 2.48316452e+02, 2.01367004e+02,
    2.51902420e+02, 2.08324509e+02, 2.55390030e+02, 2.15264481e+02,
    2.59080078e+02, 2.21737991e+02, 2.62461945e+02, 2.28275391e+02,
    2.66072571e+02, 2.35235748e+02, 2.69261566e+02, 2.41289291e+02,
    2.37233582e+02, 1.97913773e+02, 2.41047516e+02, 2.04909256e+02,
    2.44695938e+02, 2.11698486e+02, 2.48300583e+02, 2.18454483e+02,
    2.51841492e+02, 2.25234558e+02, 2.55409149e+02, 2.31630127e+02,
    2.58918884e+02, 2.38364517e+02, 2.62237762e+02, 2.44485458e+02,
    2.29992035e+02, 2.01427887e+02, 2.33790588e+02, 2.08253265e+02,
    2.37402191e+02, 2.15224991e+02, 2.41064133e+02, 2.21913895e+02,
    2.44700287e+02, 2.28449280e+02, 2.48237595e+02, 2.35061920e+02,
    2.51749191e+02, 2.41415771e+02, 2.55179688e+02, 2.48123978e+02,
    2.22722565e+02, 2.04909790e+02, 2.26541962e+02, 2.11808090e+02,
    2.30317795e+02, 2.18530334e+02, 2.33975479e+02, 2.25238022e+02,
    2.37560776e+02, 2.31781693e+02, 2.41191940e+02, 2.38356659e+02,
    2.44902786e+02, 2.44869141e+02, 2.48241562e+02, 2.50860214e+02,
    2.15571732e+02, 2.08416931e+02, 2.19332245e+02, 2.15267181e+02,
    2.23128952e+02, 2.22058044e+02, 2.26933838e+02, 2.28492691e+02,
    2.30460724e+02, 2.35187683e+02, 2.34315567e+02, 2.41424744e+02,
    2.37619370e+02, 2.48102402e+02, 2.41080032e+02, 2.54295868e+02,
    2.08293472e+02, 2.11860733e+02, 2.12200806e+02, 2.18623032e+02,
    2.16107010e+02, 2.25360306e+02, 2.19653412e+02, 2.31922791e+02,
    2.23471603e+02, 2.38393967e+02, 2.27126953e+02, 2.45114670e+02,
    2.30732635e+02, 2.51267136e+02, 2.34220932e+02, 2.57161804e+02,
    2.01188095e+02, 2.15296860e+02, 2.05016800e+02, 2.22166092e+02,
    2.08953033e+02, 2.28802307e+02, 2.12682877e+02, 2.35294159e+02,
    2.16359680e+02, 2.41653656e+02, 2.20133545e+02, 2.48275635e+02,
    2.23699554e+02, 2.54470398e+02, 2.27288757e+02, 2.60619049e+02,
    1.94355682e+02, 2.18626343e+02, 1.98131180e+02, 2.25348099e+02,
    2.01788681e+02, 2.32123581e+02, 2.05836349e+02, 2.38560623e+02,
    2.09521362e+02, 2.45138062e+02, 2.13235779e+02, 2.51385590e+02,
    2.17087799e+02, 2.57712708e+02, 2.20592560e+02, 2.63463440e+02,
    1.86822601e+02, 2.22204773e+02, 1.91116135e+02, 2.28738068e+02,
    1.94731018e+02, 2.35361343e+02, 1.98844711e+02, 2.41761536e+02,
    2.02404877e+02, 2.48286926e+02, 2.06476837e+02, 2.54440735e+02,
    2.10003204e+02, 2.60934357e+02, 2.13813675e+02, 2.66946106e+02 ]
