%YAML:1.0
---
points: [ 3.17421936e+02, 1.81590240e+02, 3.20781525e+02, 1.89017822e+02,
    3.24093475e+02, 1.96410034e+02, 3.27290405e+02, 2.03582336e+02,
    3.30425293e+02, 2.10904770e+02, 3.33614899e+02, 2.17964523e+02,
    3.36722412e+02, 2.25175842e+02, 3.39790222e+02, 2.32165054e+02,
    3.09291199e+02, 1.84928696e+02, 3.12622467e+02, 1.92283600e+02,
    3.15938629e+02, 1.99541473e+02, 3.19176117e+02, 2.06815384e+02,
    3.22407013e+02, 2.14059464e+02, 3.25645782e+02, 2.21153229e+02,
    3.28741486e+02, 2.28102890e+02, 3.31865356e+02, 2.35004044e+02,
    3.01208374e+02, 1.88250946e+02, 3.04539032e+02, 1.95474518e+02,
    3.07899445e+02, 2.02813293e+02, 3.11199921e+02, 2.09959717e+02,
    3.14509644e+02, 2.17114227e+02, 3.17728210e+02, 2.24089951e+02,
    3.20920380e+02, 2.31147278e+02, 3.24059021e+02, 2.37982300e+02,
    2.93260406e+02, 1.91462738e+02, 2.96606842e+02, 1.98750366e+02,
    3.00048828e+02, 2.05926605e+02, 3.03344971e+02, 2.13146423e+02,
    3.06638916e+02, 2.20151428e+02, 3.09954742e+02, 2.27146667e+02,
    3.13157043e+02, 2.34064056e+02, 3.16326416e+02, 2.40688843e+02,
    2.85293091e+02, 1.94754318e+02, 2.88757507e+02, 2.01972229e+02,
    2.92174744e+02, 2.09160339e+02, 2.95497803e+02, 2.16162704e+02,
    2.98908691e+02, 2.23247604e+02, 3.02177979e+02, 2.30074707e+02,
    3.05465118e+02, 2.37082809e+02, 3.08653961e+02, 2.43467667e+02,
    2.77516663e+02, 1.97911682e+02, 2.81052490e+02, 2.05169693e+02,
    2.84478821e+02, 2.12188782e+02, 2.87901215e+02, 2.19259399e+02,
    2.91251404e+02, 2.26144318e+02, 2.94583282e+02, 2.33117203e+02,
    2.97893036e+02, 2.39713211e+02, 3.01209290e+02, 2.46309799e+02,
    2.69878967e+02, 2.01148544e+02, 2.73364746e+02, 2.08236160e+02,
    2.76838623e+02, 2.15283905e+02, 2.80272705e+02, 2.22275970e+02,
    2.83648529e+02, 2.29171387e+02, 2.87049622e+02, 2.36012482e+02,
    2.90334930e+02, 2.42631836e+02, 2.93493561e+02, 2.49168747e+02,
    2.62283081e+02, 2.04268188e+02, 2.65792999e+02, 2.11328873e+02,
    2.69278931e+02, 2.18359039e+02, 2.72722229e+02, 2.25294083e+02,
    2.76178650e+02, 2.32160477e+02, 2.79440979e+02, 2.38916428e+02,
    2.82950867e+02, 2.45400299e+02, 2.86150452e+02, 2.51852875e+02,
    2.54709351e+02, 2.07395935e+02, 2.58300964e+02, 2.14512268e+02,
    2.61873749e+02, 2.21401703e+02, 2.65270599e+02, 2.28236435e+02,
    2.68753723e+02, 2.35165207e+02, 2.72205658e+02, 2.41662476e+02,
    2.75376282e+02, 2.48257156e+02, 2.78722290e+02, 2.54775864e+02,
    2.47378342e+02, 2.10464478e+02, 2.50968109e+02, 2.17407318e+02,
    2.54418701e+02, 2.24358292e+02, 2.58033142e+02, 2.31213013e+02,
    2.61336182e+02, 2.37918808e+02, 2.65054504e+02, 2.44512741e+02,
    2.68272980e+02, 2.51080307e+02, 2.71538239e+02, 2.57085968e+02,
    2.39925125e+02, 2.13569672e+02, 2.43662552e+02, 2.20428436e+02,
    2.47126114e+02, 2.27276596e+02, 2.50654190e+02, 2.33931061e+02,
    2.54216812e+02, 2.40743942e+02, 2.57697540e+02, 2.47157944e+02,
    2.61164368e+02, 2.53728256e+02, 2.64445374e+02, 2.60029907e+02 ]
