%YAML:1.0
---
points: [ 3.58029968e+02, 1.77273392e+02, 3.61938812e+02, 1.85244873e+02,
    3.65718475e+02, 1.93214081e+02, 3.69517212e+02, 2.01101227e+02,
    3.73272583e+02, 2.08797684e+02, 3.76950562e+02, 2.16382629e+02,
    3.80533234e+02, 2.24057388e+02, 3.84130859e+02, 2.31417038e+02,
    3.48741302e+02, 1.80908249e+02, 3.52648163e+02, 1.88909424e+02,
    3.56510071e+02, 1.96571625e+02, 3.60299347e+02, 2.04297821e+02,
    3.64054260e+02, 2.11930466e+02, 3.67767944e+02, 2.19570389e+02,
    3.71398132e+02, 2.27081604e+02, 3.75019562e+02, 2.34392960e+02,
    3.39558960e+02, 1.84520050e+02, 3.43605713e+02, 1.92255402e+02,
    3.47343445e+02, 1.99944870e+02, 3.51275879e+02, 2.07557968e+02,
    3.55116821e+02, 2.15192230e+02, 3.58825287e+02, 2.22601425e+02,
    3.62516296e+02, 2.30087082e+02, 3.66123596e+02, 2.37265015e+02,
    3.30700409e+02, 1.88010986e+02, 3.34629883e+02, 1.95628479e+02,
    3.38566620e+02, 2.03270355e+02, 3.42462219e+02, 2.10813522e+02,
    3.46234100e+02, 2.18259583e+02, 3.50026093e+02, 2.25643204e+02,
    3.53751129e+02, 2.32911407e+02, 3.57420929e+02, 2.40148026e+02,
    3.21955750e+02, 1.91417892e+02, 3.25981201e+02, 1.99021194e+02,
    3.29916656e+02, 2.06470367e+02, 3.33812775e+02, 2.13991043e+02,
    3.37653503e+02, 2.21339050e+02, 3.41423309e+02, 2.28596603e+02,
    3.45195709e+02, 2.35863098e+02, 3.48862579e+02, 2.42886475e+02,
    3.13461334e+02, 1.94740753e+02, 3.17484192e+02, 2.02238495e+02,
    3.21399109e+02, 2.09647781e+02, 3.25414978e+02, 2.17106979e+02,
    3.29266296e+02, 2.24284729e+02, 3.33047455e+02, 2.31527847e+02,
    3.36814606e+02, 2.38609100e+02, 3.40570892e+02, 2.45582108e+02,
    3.05168457e+02, 1.98048111e+02, 3.09223511e+02, 2.05427750e+02,
    3.13174133e+02, 2.12903427e+02, 3.17081421e+02, 2.20135529e+02,
    3.20983887e+02, 2.27318665e+02, 3.24811707e+02, 2.34352722e+02,
    3.28592163e+02, 2.41409698e+02, 3.32299164e+02, 2.48200378e+02,
    2.97044647e+02, 2.01283249e+02, 3.01087494e+02, 2.08695374e+02,
    3.05028320e+02, 2.15970383e+02, 3.08987518e+02, 2.23186020e+02,
    3.12838684e+02, 2.30216003e+02, 3.16664917e+02, 2.37240738e+02,
    3.20415192e+02, 2.44141327e+02, 3.24199585e+02, 2.50770935e+02,
    2.89062195e+02, 2.04452362e+02, 2.93055481e+02, 2.11722015e+02,
    2.97045746e+02, 2.19057114e+02, 3.00936432e+02, 2.26058273e+02,
    3.04902527e+02, 2.33140640e+02, 3.08698700e+02, 2.39960129e+02,
    3.12548126e+02, 2.46786240e+02, 3.16301056e+02, 2.53320038e+02,
    2.81253845e+02, 2.07559875e+02, 2.85274902e+02, 2.14765442e+02,
    2.89225830e+02, 2.21832703e+02, 2.93228699e+02, 2.28909363e+02,
    2.97169800e+02, 2.35764206e+02, 3.01113129e+02, 2.42626221e+02,
    3.04833160e+02, 2.49266388e+02, 3.08621826e+02, 2.55689880e+02,
    2.73481537e+02, 2.10578842e+02, 2.77585144e+02, 2.17592163e+02,
    2.81582947e+02, 2.24738449e+02, 2.85555145e+02, 2.31482498e+02,
    2.89457642e+02, 2.38364944e+02, 2.93434235e+02, 2.45044495e+02,
    2.97221771e+02, 2.51705811e+02, 3.01116760e+02, 2.58188721e+02 ]
