%YAML:1.0
---
points: [ 3.27245941e+02, 1.79372406e+02, 3.30279816e+02, 1.86876511e+02,
    3.33206818e+02, 1.94228516e+02, 3.36139221e+02, 2.01552948e+02,
    3.38954865e+02, 2.08911331e+02, 3.41805725e+02, 2.16107941e+02,
    3.44681915e+02, 2.23271133e+02, 3.47462433e+02, 2.30378998e+02,
    3.19204468e+02, 1.82503830e+02, 3.22162628e+02, 1.90052933e+02,
    3.25114685e+02, 1.97380020e+02, 3.28048859e+02, 2.04744278e+02,
    3.30950104e+02, 2.11959030e+02, 3.33848846e+02, 2.19187195e+02,
    3.36720947e+02, 2.26178040e+02, 3.39525330e+02, 2.33221283e+02,
    3.10973206e+02, 1.85856659e+02, 3.14114899e+02, 1.93267380e+02,
    3.17124512e+02, 2.00492554e+02, 3.20115448e+02, 2.07735413e+02,
    3.23080841e+02, 2.15074112e+02, 3.25970978e+02, 2.22097702e+02,
    3.28920563e+02, 2.29230225e+02, 3.31807556e+02, 2.36129929e+02,
    3.03064911e+02, 1.89061050e+02, 3.06131927e+02, 1.96352631e+02,
    3.09147125e+02, 2.03587006e+02, 3.12221222e+02, 2.10861771e+02,
    3.15170868e+02, 2.18031662e+02, 3.18209259e+02, 2.25147705e+02,
    3.21168243e+02, 2.32147614e+02, 3.24060699e+02, 2.38925415e+02,
    2.95050323e+02, 1.92195770e+02, 2.98213135e+02, 1.99438797e+02,
    3.01324463e+02, 2.06716202e+02, 3.04373169e+02, 2.13863953e+02,
    3.07440674e+02, 2.21128204e+02, 3.10410950e+02, 2.28024017e+02,
    3.13446777e+02, 2.35142776e+02, 3.16344147e+02, 2.41757278e+02,
    2.87307159e+02, 1.95317261e+02, 2.90392700e+02, 2.02528610e+02,
    2.93537170e+02, 2.09746277e+02, 2.96695190e+02, 2.16996262e+02,
    2.99758698e+02, 2.23927063e+02, 3.02862122e+02, 2.31145447e+02,
    3.05818207e+02, 2.37819794e+02, 3.08868988e+02, 2.44499039e+02,
    2.79466370e+02, 1.98386765e+02, 2.82761139e+02, 2.05580658e+02,
    2.85849579e+02, 2.12951813e+02, 2.89022858e+02, 2.19946442e+02,
    2.92188538e+02, 2.27119461e+02, 2.95210480e+02, 2.33831100e+02,
    2.98255371e+02, 2.40789902e+02, 3.01232758e+02, 2.47307724e+02,
    2.71807037e+02, 2.01524231e+02, 2.75027557e+02, 2.08768005e+02,
    2.78217438e+02, 2.15862244e+02, 2.81359283e+02, 2.22957916e+02,
    2.84490631e+02, 2.29865082e+02, 2.87623352e+02, 2.36835709e+02,
    2.90690460e+02, 2.43421371e+02, 2.93658020e+02, 2.50046021e+02,
    2.64126770e+02, 2.04636520e+02, 2.67400818e+02, 2.11780365e+02,
    2.70647736e+02, 2.18933365e+02, 2.73821869e+02, 2.25834000e+02,
    2.77094299e+02, 2.33005127e+02, 2.80175690e+02, 2.39444290e+02,
    2.83251343e+02, 2.46396378e+02, 2.86195923e+02, 2.52954102e+02,
    2.56715729e+02, 2.07573837e+02, 2.59934021e+02, 2.14854691e+02,
    2.63191345e+02, 2.21798508e+02, 2.66398438e+02, 2.28722916e+02,
    2.69625244e+02, 2.35493118e+02, 2.72787994e+02, 2.42426727e+02,
    2.75925415e+02, 2.49205658e+02, 2.79035126e+02, 2.55467163e+02,
    2.49066864e+02, 2.10728027e+02, 2.52364166e+02, 2.17789368e+02,
    2.55635941e+02, 2.24758209e+02, 2.58978973e+02, 2.31526062e+02,
    2.62221100e+02, 2.38458847e+02, 2.65379242e+02, 2.45147781e+02,
    2.68418304e+02, 2.51842819e+02, 2.71666656e+02, 2.58411499e+02 ]
