%YAML:1.0
---
points: [ 3.23190552e+02, 1.87737320e+02, 3.23881744e+02, 1.95683487e+02,
    3.24467865e+02, 2.03685837e+02, 3.25134003e+02, 2.11483429e+02,
    3.25788147e+02, 2.19305939e+02, 3.26475403e+02, 2.26967941e+02,
    3.27109253e+02, 2.34669296e+02, 3.27722809e+02, 2.42270248e+02,
    3.14732758e+02, 1.88642014e+02, 3.15359894e+02, 1.96644302e+02,
    3.16124268e+02, 2.04519882e+02, 3.16780731e+02, 2.12457077e+02,
    3.17494720e+02, 2.20178879e+02, 3.18188873e+02, 2.27861542e+02,
    3.18895874e+02, 2.35480118e+02, 3.19564636e+02, 2.42956741e+02,
    3.06202240e+02, 1.89502625e+02, 3.07028992e+02, 1.97498825e+02,
    3.07777924e+02, 2.05429916e+02, 3.08551971e+02, 2.13247406e+02,
    3.09223999e+02, 2.20949722e+02, 3.09978394e+02, 2.28645737e+02,
    3.10745972e+02, 2.36287018e+02, 3.11549194e+02, 2.43871124e+02,
    2.97902924e+02, 1.90500961e+02, 2.98680725e+02, 1.98504303e+02,
    2.99485229e+02, 2.06331223e+02, 3.00301086e+02, 2.14152527e+02,
    3.01089996e+02, 2.21951614e+02, 3.01899567e+02, 2.29541748e+02,
    3.02700653e+02, 2.37083420e+02, 3.03402313e+02, 2.44570465e+02,
    2.89401947e+02, 1.91368683e+02, 2.90368530e+02, 1.99287109e+02,
    2.91223511e+02, 2.07224152e+02, 2.92056305e+02, 2.14936203e+02,
    2.92907562e+02, 2.22716568e+02, 2.93757843e+02, 2.30318604e+02,
    2.94600311e+02, 2.37883438e+02, 2.95432312e+02, 2.45338364e+02,
    2.81226044e+02, 1.92366852e+02, 2.82146454e+02, 2.00259888e+02,
    2.83091461e+02, 2.08169601e+02, 2.83998993e+02, 2.15911697e+02,
    2.84819305e+02, 2.23606522e+02, 2.85708588e+02, 2.31170349e+02,
    2.86656372e+02, 2.38615952e+02, 2.87425110e+02, 2.46104431e+02,
    2.72999176e+02, 1.93218933e+02, 2.73955658e+02, 2.01122009e+02,
    2.74930969e+02, 2.09025009e+02, 2.75829865e+02, 2.16646530e+02,
    2.76752777e+02, 2.24466995e+02, 2.77683716e+02, 2.32020264e+02,
    2.78570221e+02, 2.39568130e+02, 2.79504730e+02, 2.46902893e+02,
    2.64769501e+02, 1.94229034e+02, 2.65732056e+02, 2.02111603e+02,
    2.66769043e+02, 2.09934082e+02, 2.67738525e+02, 2.17687683e+02,
    2.68703766e+02, 2.25310226e+02, 2.69622711e+02, 2.32785187e+02,
    2.70584503e+02, 2.40272934e+02, 2.71503967e+02, 2.47706039e+02,
    2.56551666e+02, 1.95066086e+02, 2.57587494e+02, 2.02965820e+02,
    2.58662384e+02, 2.10772018e+02, 2.59685516e+02, 2.18518204e+02,
    2.60690796e+02, 2.26136032e+02, 2.61718964e+02, 2.33711945e+02,
    2.62658600e+02, 2.41126190e+02, 2.63634033e+02, 2.48415421e+02,
    2.48554733e+02, 1.95932053e+02, 2.49581100e+02, 2.03846924e+02,
    2.50709061e+02, 2.11687088e+02, 2.51686111e+02, 2.19397293e+02,
    2.52778976e+02, 2.26892944e+02, 2.53813110e+02, 2.34416901e+02,
    2.54797043e+02, 2.41862015e+02, 2.55904617e+02, 2.49178848e+02,
    2.40321976e+02, 1.96872498e+02, 2.41465057e+02, 2.04781311e+02,
    2.42508331e+02, 2.12585983e+02, 2.43672729e+02, 2.20201187e+02,
    2.44806839e+02, 2.27795792e+02, 2.45885162e+02, 2.35170425e+02,
    2.46969437e+02, 2.42656219e+02, 2.47913391e+02, 2.49872055e+02 ]
