%YAML:1.0
---
points: [ 3.15254486e+02, 1.92846451e+02, 3.14460754e+02, 2.00739807e+02,
    3.13622681e+02, 2.08604568e+02, 3.12752563e+02, 2.16240585e+02,
    3.11952667e+02, 2.23885239e+02, 3.11179199e+02, 2.31386566e+02,
    3.10390961e+02, 2.38801819e+02, 3.09591980e+02, 2.46150391e+02,
    3.06902893e+02, 1.92320297e+02, 3.06090179e+02, 2.00177231e+02,
    3.05347015e+02, 2.07856216e+02, 3.04572784e+02, 2.15688278e+02,
    3.03852081e+02, 2.23082977e+02, 3.03066895e+02, 2.30664093e+02,
    3.02300903e+02, 2.38096039e+02, 3.01658234e+02, 2.45511124e+02,
    2.98463867e+02, 1.91625610e+02, 2.97806458e+02, 1.99573181e+02,
    2.97068970e+02, 2.07228043e+02, 2.96376495e+02, 2.14855331e+02,
    2.95723206e+02, 2.22525192e+02, 2.94980042e+02, 2.29941284e+02,
    2.94360504e+02, 2.37538467e+02, 2.93706451e+02, 2.44717239e+02,
    2.90187958e+02, 1.90941086e+02, 2.89529144e+02, 1.98790298e+02,
    2.88889496e+02, 2.06616104e+02, 2.88209290e+02, 2.14284119e+02,
    2.87630096e+02, 2.21874283e+02, 2.86962616e+02, 2.29375504e+02,
    2.86432434e+02, 2.36740250e+02, 2.85766754e+02, 2.44110779e+02,
    2.81810272e+02, 1.90412399e+02, 2.81329376e+02, 1.98211166e+02,
    2.80725281e+02, 2.05964798e+02, 2.80078308e+02, 2.13755692e+02,
    2.79631348e+02, 2.21220154e+02, 2.78985596e+02, 2.28679321e+02,
    2.78485291e+02, 2.36074982e+02, 2.77837891e+02, 2.43542587e+02,
    2.73749420e+02, 1.89728149e+02, 2.73057434e+02, 1.97559921e+02,
    2.72663422e+02, 2.05359543e+02, 2.72021149e+02, 2.13038712e+02,
    2.71643036e+02, 2.20619461e+02, 2.70951782e+02, 2.28064255e+02,
    2.70605438e+02, 2.35572281e+02, 2.69982941e+02, 2.42751251e+02,
    2.65567017e+02, 1.89149979e+02, 2.64926361e+02, 1.96890366e+02,
    2.64632721e+02, 2.04744598e+02, 2.64004364e+02, 2.12542236e+02,
    2.63671509e+02, 2.20040390e+02, 2.63053436e+02, 2.27546265e+02,
    2.62694153e+02, 2.34764160e+02, 2.62154602e+02, 2.41968536e+02,
    2.57259125e+02, 1.88684723e+02, 2.56792755e+02, 1.96439835e+02,
    2.56531982e+02, 2.04081665e+02, 2.55922501e+02, 2.11835831e+02,
    2.55646194e+02, 2.19460403e+02, 2.55127121e+02, 2.26755844e+02,
    2.54726013e+02, 2.34068771e+02, 2.54479294e+02, 2.41437088e+02,
    2.49054504e+02, 1.87821426e+02, 2.48786469e+02, 1.95735474e+02,
    2.48538330e+02, 2.03567642e+02, 2.47882156e+02, 2.11184036e+02,
    2.47709839e+02, 2.18730774e+02, 2.47320587e+02, 2.26124756e+02,
    2.46819977e+02, 2.33638397e+02, 2.46624969e+02, 2.40732849e+02,
    2.40966385e+02, 1.87416168e+02, 2.40748352e+02, 1.95162506e+02,
    2.40474808e+02, 2.02843155e+02, 2.39968735e+02, 2.10599075e+02,
    2.39770691e+02, 2.18144974e+02, 2.39543823e+02, 2.25577225e+02,
    2.39128677e+02, 2.32772385e+02, 2.38792023e+02, 2.39967087e+02,
    2.32805588e+02, 1.86799500e+02, 2.32727310e+02, 1.94626511e+02,
    2.32456970e+02, 2.02283905e+02, 2.32030807e+02, 2.09815811e+02,
    2.31804199e+02, 2.17540482e+02, 2.31694489e+02, 2.24775238e+02,
    2.31393875e+02, 2.32108414e+02, 2.30977905e+02, 2.39415237e+02 ]
