%YAML:1.0
---
points: [ 2.61920349e+02, 1.92888184e+02, 2.62411896e+02, 2.00744308e+02,
    2.62689575e+02, 2.08462112e+02, 2.62913971e+02, 2.15822205e+02,
    2.63362000e+02, 2.23242279e+02, 2.63702606e+02, 2.30646790e+02,
    2.63815308e+02, 2.37841919e+02, 2.64034180e+02, 2.44925781e+02,
    2.53800781e+02, 1.92835693e+02, 2.54287888e+02, 2.00701889e+02,
    2.54728439e+02, 2.08135773e+02, 2.54936417e+02, 2.15777252e+02,
    2.55515182e+02, 2.22897995e+02, 2.55756668e+02, 2.30391785e+02,
    2.55964874e+02, 2.37710968e+02, 2.56463470e+02, 2.44747787e+02,
    2.45781128e+02, 1.92816238e+02, 2.46297363e+02, 2.00597153e+02,
    2.46711380e+02, 2.07905212e+02, 2.47166916e+02, 2.15626297e+02,
    2.47606110e+02, 2.22787598e+02, 2.47881821e+02, 2.30066528e+02,
    2.48413284e+02, 2.37568039e+02, 2.48760178e+02, 2.44597473e+02,
    2.37768387e+02, 1.92783630e+02, 2.38332306e+02, 2.00400467e+02,
    2.38798477e+02, 2.07780975e+02, 2.39305923e+02, 2.15378708e+02,
    2.39741470e+02, 2.22706787e+02, 2.40278137e+02, 2.29917725e+02,
    2.40695328e+02, 2.37159439e+02, 2.41124771e+02, 2.44215042e+02,
    2.29785721e+02, 1.92688950e+02, 2.30430786e+02, 2.00181854e+02,
    2.30926651e+02, 2.07752762e+02, 2.31581772e+02, 2.15167267e+02,
    2.31985626e+02, 2.22656479e+02, 2.32636185e+02, 2.29803085e+02,
    2.32972794e+02, 2.36831223e+02, 2.33574875e+02, 2.43859253e+02,
    2.21937729e+02, 1.92675934e+02, 2.22585922e+02, 2.00034286e+02,
    2.23226456e+02, 2.07684341e+02, 2.23750580e+02, 2.14944351e+02,
    2.24548615e+02, 2.22573761e+02, 2.24942169e+02, 2.29761642e+02,
    2.25588776e+02, 2.36765732e+02, 2.26094818e+02, 2.43807785e+02,
    2.14134033e+02, 1.92572769e+02, 2.14816025e+02, 1.99843109e+02,
    2.15478302e+02, 2.07676941e+02, 2.16080643e+02, 2.14803619e+02,
    2.16725983e+02, 2.22375137e+02, 2.17395966e+02, 2.29656647e+02,
    2.17944733e+02, 2.36592606e+02, 2.18560226e+02, 2.43714569e+02,
    2.06386032e+02, 1.92481598e+02, 2.07036575e+02, 1.99786453e+02,
    2.07764206e+02, 2.07534027e+02, 2.08457199e+02, 2.14764694e+02,
    2.09091858e+02, 2.22171371e+02, 2.09768478e+02, 2.29360031e+02,
    2.10505585e+02, 2.36616760e+02, 2.11169327e+02, 2.43462067e+02,
    1.98510757e+02, 1.92356277e+02, 1.99397644e+02, 1.99754562e+02,
    2.00073563e+02, 2.07360397e+02, 2.00775238e+02, 2.14757828e+02,
    2.01563324e+02, 2.21939789e+02, 2.02289627e+02, 2.29038498e+02,
    2.03027969e+02, 2.36206665e+02, 2.03266937e+02, 2.38808426e+02,
    1.90976105e+02, 1.92176926e+02, 1.91718430e+02, 1.99735321e+02,
    1.92552002e+02, 2.07188660e+02, 1.93319550e+02, 2.14676895e+02,
    1.94137146e+02, 2.21798981e+02, 1.94834259e+02, 2.28812332e+02,
    1.95627548e+02, 2.35837433e+02, 1.96373917e+02, 2.42711502e+02,
    1.83191330e+02, 1.91969177e+02, 1.84166168e+02, 1.99680206e+02,
    1.84956558e+02, 2.06949081e+02, 1.85833633e+02, 2.14523926e+02,
    1.86640305e+02, 2.21660782e+02, 1.87516754e+02, 2.28756256e+02,
    1.88292328e+02, 2.35765732e+02, 1.89100571e+02, 2.42644135e+02 ]
