%YAML:1.0
---
points: [ 2.21674973e+02, 1.90577545e+02, 2.23542923e+02, 1.98056213e+02,
    2.25260269e+02, 2.05470352e+02, 2.27046158e+02, 2.12902145e+02,
    2.28720184e+02, 2.20204330e+02, 2.30417755e+02, 2.27282761e+02,
    2.31981247e+02, 2.34370209e+02, 2.33588089e+02, 2.41459991e+02,
    2.13855774e+02, 1.91522400e+02, 2.15649902e+02, 1.99071243e+02,
    2.17580505e+02, 2.06447418e+02, 2.19347198e+02, 2.13792892e+02,
    2.21132736e+02, 2.21081558e+02, 2.22815445e+02, 2.28177277e+02,
    2.24461685e+02, 2.35280411e+02, 2.26147873e+02, 2.42144791e+02,
    2.06098587e+02, 1.92657715e+02, 2.08019104e+02, 1.99991196e+02,
    2.09869431e+02, 2.07378174e+02, 2.11719376e+02, 2.14704712e+02,
    2.13524078e+02, 2.22025101e+02, 2.15252289e+02, 2.29035568e+02,
    2.17027878e+02, 2.36057739e+02, 2.18680954e+02, 2.43026016e+02,
    1.98381790e+02, 1.93539337e+02, 2.00382050e+02, 2.01041168e+02,
    2.02298080e+02, 2.08403458e+02, 2.04203934e+02, 2.15644028e+02,
    2.06039108e+02, 2.22897675e+02, 2.07809097e+02, 2.29975494e+02,
    2.09532990e+02, 2.36903641e+02, 2.11342712e+02, 2.43786652e+02,
    1.90624344e+02, 1.94659042e+02, 1.92694244e+02, 2.02056961e+02,
    1.94674454e+02, 2.09337692e+02, 1.96553970e+02, 2.16607452e+02,
    1.98482407e+02, 2.23809631e+02, 2.00354767e+02, 2.30854233e+02,
    2.02230194e+02, 2.37867538e+02, 2.03962509e+02, 2.44592056e+02,
    1.83203613e+02, 1.95556961e+02, 1.85234192e+02, 2.03051590e+02,
    1.87263565e+02, 2.10305389e+02, 1.89238083e+02, 2.17564728e+02,
    1.91201813e+02, 2.24693588e+02, 1.93102951e+02, 2.31812943e+02,
    1.94943863e+02, 2.38566849e+02, 1.96899002e+02, 2.45492111e+02,
    1.75558563e+02, 1.96667419e+02, 1.77662857e+02, 2.04042526e+02,
    1.79748581e+02, 2.11297180e+02, 1.81802597e+02, 2.18479446e+02,
    1.83725571e+02, 2.25661621e+02, 1.85603256e+02, 2.32635635e+02,
    1.87520660e+02, 2.39537338e+02, 1.89211456e+02, 2.46267685e+02,
    1.68138321e+02, 1.97608932e+02, 1.70300415e+02, 2.05032227e+02,
    1.72274918e+02, 2.12315094e+02, 1.74274155e+02, 2.19418198e+02,
    1.76310455e+02, 2.26591141e+02, 1.78335098e+02, 2.33489975e+02,
    1.80375992e+02, 2.40391144e+02, 1.82254028e+02, 2.46786026e+02,
    1.60572922e+02, 1.98693771e+02, 1.62833054e+02, 2.06061935e+02,
    1.64834030e+02, 2.13326813e+02, 1.66967819e+02, 2.20422073e+02,
    1.68964630e+02, 2.27445740e+02, 1.71013947e+02, 2.34378540e+02,
    1.72904205e+02, 2.41128143e+02, 1.74917480e+02, 2.47785355e+02,
    1.53397507e+02, 1.99605515e+02, 1.55513702e+02, 2.07004898e+02,
    1.57755249e+02, 2.14191605e+02, 1.59648239e+02, 2.21296722e+02,
    1.61883026e+02, 2.28312714e+02, 1.63332855e+02, 2.35175919e+02,
    1.66096420e+02, 2.42008408e+02, 1.68100388e+02, 2.48646408e+02,
    1.45718246e+02, 2.00677505e+02, 1.48408051e+02, 2.07930511e+02,
    1.50228394e+02, 2.15072418e+02, 1.52974014e+02, 2.22112991e+02,
    1.54606796e+02, 2.29084045e+02, 1.57362030e+02, 2.35906815e+02,
    1.58713120e+02, 2.42680099e+02, 1.61754471e+02, 2.49190689e+02 ]
