%YAML:1.0
---
points: [ 2.32125961e+02, 1.91420242e+02, 2.35247879e+02, 1.97253403e+02,
    2.39160950e+02, 2.03765823e+02, 2.42660538e+02, 2.10191284e+02,
    2.46470810e+02, 2.16806320e+02, 2.50228165e+02, 2.23324081e+02,
    2.54215866e+02, 2.29977921e+02, 2.57849274e+02, 2.36624130e+02,
    2.25312210e+02, 1.94348892e+02, 2.28854507e+02, 2.00719864e+02,
    2.32432541e+02, 2.07196182e+02, 2.36143616e+02, 2.13654938e+02,
    2.39996246e+02, 2.20346573e+02, 2.43419708e+02, 2.26989059e+02,
    2.47403397e+02, 2.33401505e+02, 2.51264679e+02, 2.40249817e+02,
    2.18521942e+02, 1.97892654e+02, 2.22173737e+02, 2.04279816e+02,
    2.25793030e+02, 2.10462738e+02, 2.29304611e+02, 2.17272629e+02,
    2.33119446e+02, 2.23956207e+02, 2.36831360e+02, 2.30381775e+02,
    2.40535309e+02, 2.37232162e+02, 2.44249466e+02, 2.44014954e+02,
    2.11792740e+02, 2.01136490e+02, 2.15293228e+02, 2.07551453e+02,
    2.18991653e+02, 2.14267014e+02, 2.22485367e+02, 2.20766022e+02,
    2.26256653e+02, 2.27407516e+02, 2.30006195e+02, 2.34273087e+02,
    2.33580505e+02, 2.40974533e+02, 2.37469864e+02, 2.47696579e+02,
    2.04880173e+02, 2.04683960e+02, 2.08288330e+02, 2.11254822e+02,
    2.12022491e+02, 2.17744766e+02, 2.15611374e+02, 2.24384262e+02,
    2.19253632e+02, 2.31203583e+02, 2.22997986e+02, 2.37886826e+02,
    2.26606369e+02, 2.44646591e+02, 2.30387421e+02, 2.51574036e+02,
    1.97852737e+02, 2.08145477e+02, 2.01376190e+02, 2.14463440e+02,
    2.04989075e+02, 2.21256302e+02, 2.08526428e+02, 2.27985260e+02,
    2.12245087e+02, 2.34811096e+02, 2.16017044e+02, 2.41576050e+02,
    2.19687195e+02, 2.48438171e+02, 2.23375473e+02, 2.55339203e+02,
    1.90850815e+02, 2.11706879e+02, 1.94321121e+02, 2.18132965e+02,
    1.97890457e+02, 2.25006180e+02, 2.01490387e+02, 2.31539612e+02,
    2.05174820e+02, 2.38461502e+02, 2.08878647e+02, 2.45304367e+02,
    2.12484970e+02, 2.52253510e+02, 2.16209641e+02, 2.59340088e+02,
    1.83662674e+02, 2.15241409e+02, 1.87182449e+02, 2.21851456e+02,
    1.90787231e+02, 2.28384186e+02, 1.94323593e+02, 2.35294937e+02,
    1.97960480e+02, 2.42226746e+02, 2.01571823e+02, 2.49174332e+02,
    2.05252838e+02, 2.56277405e+02, 2.09012558e+02, 2.63244110e+02,
    1.76425522e+02, 2.18858856e+02, 1.80000473e+02, 2.25381195e+02,
    1.83508499e+02, 2.32194992e+02, 1.87078506e+02, 2.39140610e+02,
    1.90688889e+02, 2.46012222e+02, 1.94306091e+02, 2.53062836e+02,
    1.98009735e+02, 2.60060486e+02, 2.01617371e+02, 2.67292114e+02,
    1.69418655e+02, 2.22375244e+02, 1.72780853e+02, 2.29190094e+02,
    1.76252121e+02, 2.36051300e+02, 1.79803009e+02, 2.42897797e+02,
    1.83357834e+02, 2.49857742e+02, 1.86921738e+02, 2.56965393e+02,
    1.90640030e+02, 2.64096954e+02, 1.94423553e+02, 2.71254242e+02,
    1.61826828e+02, 2.26232376e+02, 1.65341614e+02, 2.33068329e+02,
    1.68792694e+02, 2.39782272e+02, 1.72321259e+02, 2.46768295e+02,
    1.75961487e+02, 2.53840897e+02, 1.79510437e+02, 2.60987610e+02,
    1.83158844e+02, 2.68113190e+02, 1.86787384e+02, 2.75491913e+02 ]
