%YAML:1.0
---
points: [ 2.15908005e+02, 1.86802795e+02, 2.19712021e+02, 1.92651474e+02,
    2.23819031e+02, 1.98569351e+02, 2.27646576e+02, 2.04917847e+02,
    2.31867523e+02, 2.11269333e+02, 2.35863007e+02, 2.17473648e+02,
    2.40158737e+02, 2.23703796e+02, 2.44065277e+02, 2.30079056e+02,
    2.09424500e+02, 1.90431656e+02, 2.13251297e+02, 1.96310471e+02,
    2.17260605e+02, 2.02425919e+02, 2.21277924e+02, 2.08795502e+02,
    2.25219864e+02, 2.15324966e+02, 2.29309341e+02, 2.21340485e+02,
    2.33413193e+02, 2.27746429e+02, 2.37563889e+02, 2.34123032e+02,
    2.02833618e+02, 1.94367813e+02, 2.06773590e+02, 2.00184311e+02,
    2.10785873e+02, 2.06344238e+02, 2.14632217e+02, 2.12714828e+02,
    2.18715302e+02, 2.19131958e+02, 2.22756424e+02, 2.25404160e+02,
    2.26898544e+02, 2.31903473e+02, 2.31039703e+02, 2.38327789e+02,
    1.96223740e+02, 1.97989304e+02, 2.00121765e+02, 2.04169632e+02,
    2.04059860e+02, 2.10353348e+02, 2.08020355e+02, 2.16765671e+02,
    2.12045166e+02, 2.23233078e+02, 2.16173447e+02, 2.29478333e+02,
    2.20135223e+02, 2.36032059e+02, 2.24275909e+02, 2.42394333e+02,
    1.89445572e+02, 2.02051819e+02, 1.93338074e+02, 2.08038620e+02,
    1.97337921e+02, 2.14243622e+02, 2.01262482e+02, 2.20853394e+02,
    2.05280945e+02, 2.27238861e+02, 2.09293915e+02, 2.33631424e+02,
    2.13270569e+02, 2.40176849e+02, 2.17347321e+02, 2.46805725e+02,
    1.82776230e+02, 2.05717026e+02, 1.86561020e+02, 2.12064575e+02,
    1.90550964e+02, 2.18216263e+02, 1.94419800e+02, 2.24819626e+02,
    1.98443054e+02, 2.31295868e+02, 2.02441132e+02, 2.37707169e+02,
    2.06576279e+02, 2.44328812e+02, 2.10515091e+02, 2.50972992e+02,
    1.75973709e+02, 2.09871796e+02, 1.79657654e+02, 2.15897934e+02,
    1.83632858e+02, 2.22266357e+02, 1.87482101e+02, 2.28830551e+02,
    1.91507324e+02, 2.35324326e+02, 1.95465836e+02, 2.42002991e+02,
    1.99510147e+02, 2.48674042e+02, 2.03587357e+02, 2.55278625e+02,
    1.69031021e+02, 2.13689072e+02, 1.72761032e+02, 2.20096359e+02,
    1.76711777e+02, 2.26380417e+02, 1.80538589e+02, 2.33030792e+02,
    1.84492874e+02, 2.39464722e+02, 1.88474548e+02, 2.46198654e+02,
    1.92494583e+02, 2.52917877e+02, 1.96572327e+02, 2.59664825e+02,
    1.61960251e+02, 2.17947708e+02, 1.65774429e+02, 2.24234573e+02,
    1.69634064e+02, 2.30389420e+02, 1.73396439e+02, 2.37114349e+02,
    1.77393478e+02, 2.43733429e+02, 1.81425034e+02, 2.50377426e+02,
    1.85401093e+02, 2.57239624e+02, 1.89342255e+02, 2.64093445e+02,
    1.55131119e+02, 2.22042007e+02, 1.58797089e+02, 2.28285538e+02,
    1.62599289e+02, 2.34760300e+02, 1.66491730e+02, 2.41287170e+02,
    1.70346252e+02, 2.48196060e+02, 1.74347885e+02, 2.54772812e+02,
    1.78294769e+02, 2.61707672e+02, 1.82424301e+02, 2.68358368e+02,
    1.47776962e+02, 2.26210922e+02, 1.51603989e+02, 2.32454422e+02,
    1.55346924e+02, 2.39036911e+02, 1.59266418e+02, 2.45710297e+02,
    1.63151077e+02, 2.52344421e+02, 1.67086105e+02, 2.59246826e+02,
    1.70970856e+02, 2.66107452e+02, 1.75051117e+02, 2.73102722e+02 ]
