%YAML:1.0
---
points: [ 1.90722824e+02, 1.83089798e+02, 1.94751038e+02, 1.88885971e+02,
    1.99080292e+02, 1.94862030e+02, 2.03119873e+02, 2.00855225e+02,
    2.07404007e+02, 2.07025131e+02, 2.11720779e+02, 2.13256592e+02,
    2.16141418e+02, 2.19429199e+02, 2.20272141e+02, 2.25743622e+02,
    1.84323532e+02, 1.87235153e+02, 1.88401779e+02, 1.93172455e+02,
    1.92495895e+02, 1.99244431e+02, 1.96901123e+02, 2.05393570e+02,
    2.01115448e+02, 2.11552948e+02, 2.05327927e+02, 2.17714127e+02,
    2.09480331e+02, 2.24068924e+02, 2.14013382e+02, 2.30198685e+02,
    1.77814301e+02, 1.91785019e+02, 1.81992386e+02, 1.97594482e+02,
    1.86081329e+02, 2.03665924e+02, 1.90294098e+02, 2.09838959e+02,
    1.94498932e+02, 2.16091782e+02, 1.98834412e+02, 2.22255280e+02,
    2.03105896e+02, 2.28598892e+02, 2.07298187e+02, 2.35026993e+02,
    1.71363312e+02, 1.95930984e+02, 1.75393936e+02, 2.01988098e+02,
    1.79528870e+02, 2.07990997e+02, 1.83771988e+02, 2.14244812e+02,
    1.88050125e+02, 2.20467026e+02, 1.92236526e+02, 2.26800888e+02,
    1.96421326e+02, 2.33167267e+02, 2.00812027e+02, 2.39332443e+02,
    1.64841904e+02, 2.00587769e+02, 1.68898270e+02, 2.06394638e+02,
    1.73047638e+02, 2.12514481e+02, 1.77187119e+02, 2.18677063e+02,
    1.81288391e+02, 2.25109375e+02, 1.85648346e+02, 2.31378036e+02,
    1.89862411e+02, 2.37732071e+02, 1.94147568e+02, 2.44214920e+02,
    1.58266861e+02, 2.04624863e+02, 1.62293152e+02, 2.10740433e+02,
    1.66372253e+02, 2.17053055e+02, 1.70611267e+02, 2.23240662e+02,
    1.74803741e+02, 2.29565552e+02, 1.78943542e+02, 2.35999756e+02,
    1.83229462e+02, 2.42279770e+02, 1.87435989e+02, 2.48791016e+02,
    1.51687103e+02, 2.09329803e+02, 1.55595291e+02, 2.15212418e+02,
    1.59762329e+02, 2.21462158e+02, 1.63886780e+02, 2.27812637e+02,
    1.68033264e+02, 2.34147385e+02, 1.72204712e+02, 2.40436188e+02,
    1.76473221e+02, 2.47028137e+02, 1.80703232e+02, 2.53521286e+02,
    1.45089447e+02, 2.13487366e+02, 1.48955200e+02, 2.19905746e+02,
    1.53077438e+02, 2.26086151e+02, 1.57183899e+02, 2.32344467e+02,
    1.61270401e+02, 2.38721909e+02, 1.65431519e+02, 2.45197830e+02,
    1.69678055e+02, 2.51742096e+02, 1.73897125e+02, 2.58180206e+02,
    1.38334213e+02, 2.18383667e+02, 1.42291824e+02, 2.24257996e+02,
    1.46323318e+02, 2.30472366e+02, 1.50306595e+02, 2.36953903e+02,
    1.54452850e+02, 2.43276016e+02, 1.58589172e+02, 2.49917282e+02,
    1.62871979e+02, 2.56370453e+02, 1.66966690e+02, 2.63033081e+02,
    1.31742325e+02, 2.22578812e+02, 1.35707504e+02, 2.28981293e+02,
    1.39643753e+02, 2.35190109e+02, 1.43733871e+02, 2.41510040e+02,
    1.47717087e+02, 2.48091553e+02, 1.51933075e+02, 2.54482773e+02,
    1.56036392e+02, 2.61156586e+02, 1.60339630e+02, 2.67720490e+02,
    1.24945885e+02, 2.27428406e+02, 1.28910583e+02, 2.33497818e+02,
    1.32776443e+02, 2.39843643e+02, 1.36836670e+02, 2.46358566e+02,
    1.40926529e+02, 2.52809662e+02, 1.45077408e+02, 2.59430664e+02,
    1.49178223e+02, 2.66037750e+02, 1.53319061e+02, 2.72667511e+02 ]
