%YAML:1.0
---
points: [ 1.56723801e+02, 1.76962616e+02, 1.61649979e+02, 1.83617340e+02,
    1.66525421e+02, 1.90335281e+02, 1.71417175e+02, 1.97199692e+02,
    1.76340164e+02, 2.04087906e+02, 1.81322556e+02, 2.10871078e+02,
    1.86387131e+02, 2.17877884e+02, 1.91330200e+02, 2.24944504e+02,
    1.49582306e+02, 1.82032547e+02, 1.54349075e+02, 1.88655548e+02,
    1.59317993e+02, 1.95563782e+02, 1.64188736e+02, 2.02299194e+02,
    1.69086670e+02, 2.09288849e+02, 1.74073853e+02, 2.16173065e+02,
    1.78991043e+02, 2.23256042e+02, 1.84062943e+02, 2.30226700e+02,
    1.42232224e+02, 1.87162277e+02, 1.47097580e+02, 1.93886826e+02,
    1.51925781e+02, 2.00603653e+02, 1.56866684e+02, 2.07465714e+02,
    1.61775909e+02, 2.14472122e+02, 1.66767502e+02, 2.21433746e+02,
    1.71706482e+02, 2.28468643e+02, 1.76679916e+02, 2.35599762e+02,
    1.34967468e+02, 1.92185104e+02, 1.39721741e+02, 1.99010757e+02,
    1.44664825e+02, 2.06021759e+02, 1.49494934e+02, 2.12756393e+02,
    1.54445923e+02, 2.19772446e+02, 1.59355072e+02, 2.26757248e+02,
    1.64287338e+02, 2.33909241e+02, 1.69342987e+02, 2.40968109e+02,
    1.27624191e+02, 1.97379578e+02, 1.32371246e+02, 2.04171158e+02,
    1.37209198e+02, 2.11071915e+02, 1.42063370e+02, 2.18123215e+02,
    1.46953369e+02, 2.25131485e+02, 1.51899673e+02, 2.32220856e+02,
    1.56817612e+02, 2.39289703e+02, 1.61811508e+02, 2.46504929e+02,
    1.20222748e+02, 2.02509094e+02, 1.25017670e+02, 2.09429382e+02,
    1.29751022e+02, 2.16284149e+02, 1.34661972e+02, 2.23354126e+02,
    1.39520050e+02, 2.30373978e+02, 1.44445984e+02, 2.37540649e+02,
    1.49350098e+02, 2.44721237e+02, 1.54328201e+02, 2.51974121e+02,
    1.12800880e+02, 2.07731354e+02, 1.17528419e+02, 2.14629669e+02,
    1.22294731e+02, 2.21614990e+02, 1.27081474e+02, 2.28683746e+02,
    1.31976028e+02, 2.35763107e+02, 1.36858490e+02, 2.43017639e+02,
    1.41788132e+02, 2.50179153e+02, 1.46694214e+02, 2.57518890e+02,
    1.05313248e+02, 2.12996109e+02, 1.09976540e+02, 2.20015244e+02,
    1.14669174e+02, 2.26993179e+02, 1.19481079e+02, 2.33983353e+02,
    1.24331406e+02, 2.41239090e+02, 1.29212982e+02, 2.48427887e+02,
    1.34152557e+02, 2.55666061e+02, 1.39032623e+02, 2.63037201e+02,
    9.78607330e+01, 2.18327271e+02, 1.02473961e+02, 2.25233566e+02,
    1.07192322e+02, 2.32290024e+02, 1.11878784e+02, 2.39387100e+02,
    1.16756454e+02, 2.46611664e+02, 1.21561554e+02, 2.53909210e+02,
    1.26452827e+02, 2.61204285e+02, 1.31420853e+02, 2.68671783e+02,
    9.04046555e+01, 2.23539429e+02, 9.50875473e+01, 2.30588486e+02,
    9.96840439e+01, 2.37703094e+02, 1.04425652e+02, 2.44832474e+02,
    1.09133125e+02, 2.52138214e+02, 1.13966408e+02, 2.59407562e+02,
    1.18826202e+02, 2.66696136e+02, 1.23802330e+02, 2.74200104e+02,
    8.28287125e+01, 2.29039780e+02, 8.74329605e+01, 2.36058975e+02,
    9.20908279e+01, 2.43130875e+02, 9.67248688e+01, 2.50359039e+02,
    1.01520996e+02, 2.57621338e+02, 1.06309105e+02, 2.65028870e+02,
    1.11139557e+02, 2.72376678e+02, 1.16023308e+02, 2.79865234e+02 ]
