%YAML:1.0
---
points: [ 1.73546814e+02, 1.89489349e+02, 1.75737381e+02, 1.92129562e+02,
    1.81511841e+02, 1.98896927e+02, 1.84573975e+02, 2.02576828e+02,
    1.89803131e+02, 2.08933762e+02, 1.92973953e+02, 2.12794479e+02,
    1.98042679e+02, 2.18890060e+02, 2.01251709e+02, 2.23168945e+02,
    1.68613556e+02, 1.92585526e+02, 1.72179825e+02, 1.97506927e+02,
    1.76405151e+02, 2.02399460e+02, 1.80367752e+02, 2.07076584e+02,
    1.84704910e+02, 2.11975967e+02, 1.89076370e+02, 2.17670288e+02,
    1.93232956e+02, 2.22472229e+02, 1.96841919e+02, 2.26517227e+02,
    1.63400162e+02, 1.97633545e+02, 1.67291046e+02, 2.00757904e+02,
    1.72220184e+02, 2.06055893e+02, 1.75234131e+02, 2.11811569e+02,
    1.79987564e+02, 2.16445541e+02, 1.83567230e+02, 2.21964127e+02,
    1.87496704e+02, 2.27295074e+02, 1.91187866e+02, 2.31975800e+02,
    1.59109619e+02, 2.00915985e+02, 1.61837799e+02, 2.05771820e+02,
    1.66109314e+02, 2.11650787e+02, 1.70172073e+02, 2.15884796e+02,
    1.74052734e+02, 2.21591858e+02, 1.78349945e+02, 2.25966843e+02,
    1.82638260e+02, 2.31079865e+02, 1.86658340e+02, 2.35233444e+02,
    1.53204346e+02, 2.06500687e+02, 1.56815567e+02, 2.10577789e+02,
    1.60844757e+02, 2.15594803e+02, 1.65191544e+02, 2.20312149e+02,
    1.69271423e+02, 2.25356003e+02, 1.73621811e+02, 2.30400299e+02,
    1.77102066e+02, 2.35786087e+02, 1.80778549e+02, 2.40945084e+02,
    1.48003159e+02, 2.09728867e+02, 1.51648468e+02, 2.14467133e+02,
    1.55775055e+02, 2.18820129e+02, 1.59873444e+02, 2.24139755e+02,
    1.63700729e+02, 2.29916107e+02, 1.67801300e+02, 2.35257202e+02,
    1.72018112e+02, 2.40116669e+02, 1.76321732e+02, 2.44031052e+02,
    1.46348175e+02, 2.18570847e+02, 1.46340332e+02, 2.18578888e+02,
    1.50178101e+02, 2.23871658e+02, 1.54348236e+02, 2.28880234e+02,
    1.58430756e+02, 2.34079666e+02, 1.62850983e+02, 2.38934143e+02,
    1.66836594e+02, 2.44335632e+02, 1.70034439e+02, 2.49965363e+02,
    1.37507248e+02, 2.18567352e+02, 1.41301468e+02, 2.23227112e+02,
    1.45102783e+02, 2.28297363e+02, 1.49166702e+02, 2.33389938e+02,
    1.53433228e+02, 2.38365402e+02, 1.57329056e+02, 2.44023773e+02,
    1.61243225e+02, 2.49196487e+02, 1.65296722e+02, 2.53487747e+02,
    1.32192505e+02, 2.23520493e+02, 1.36328522e+02, 2.27509079e+02,
    1.40266098e+02, 2.32679810e+02, 1.43820541e+02, 2.37804382e+02,
    1.47610031e+02, 2.43038422e+02, 1.51919052e+02, 2.48197495e+02,
    1.56285095e+02, 2.53339325e+02, 1.59514725e+02, 2.58872314e+02,
    1.27326965e+02, 2.27267471e+02, 1.30604370e+02, 2.32028839e+02,
    1.34854721e+02, 2.37447906e+02, 1.38869095e+02, 2.42235840e+02,
    1.42900574e+02, 2.47366806e+02, 1.47286377e+02, 2.52654877e+02,
    1.50529404e+02, 2.58296295e+02, 1.55135269e+02, 2.62422028e+02,
    1.21567894e+02, 2.32110565e+02, 1.26301247e+02, 2.36810440e+02,
    1.29362717e+02, 2.40584366e+02, 1.34268219e+02, 2.47161621e+02,
    1.37355927e+02, 2.51469498e+02, 1.42172897e+02, 2.57550415e+02,
    1.45521088e+02, 2.62013672e+02, 1.49695053e+02, 2.67953430e+02 ]
