%YAML:1.0
---
cameraMatrix: !!opencv-matrix
   rows: 3
   cols: 3
   dt: d
   data: [ 3.6493470244778865e+02, 0., 2.5279009980923860e+02, 0.,
       3.6512805648268733e+02, 2.0030314955555113e+02, 0., 0., 1. ]
distortionCoefficients: !!opencv-matrix
   rows: 1
   cols: 5
   dt: d
   data: [ 9.2273625879268115e-02, -2.8669952254383124e-01,
       -1.3969119237370621e-03, -4.2356798614208267e-04,
       1.0942332026781688e-01 ]
rotation: !!opencv-matrix
   rows: 3
   cols: 3
   dt: d
   data: [ 1., 0., 0., 0., 1., 0., 0., 0., 1. ]
projection: !!opencv-matrix
   rows: 4
   cols: 4
   dt: d
   data: [ 3.6493470244778865e+02, 0., 2.5279009980923860e+02, 0., 0.,
       3.6512805648268733e+02, 2.0030314955555113e+02, 0., 0., 0., 1.,
       0., 0., 0., 0., 1. ]
