%YAML:1.0
---
points: [ 3.38329376e+02, 2.56190948e+02, 3.36377594e+02, 2.71266968e+02,
    3.34429657e+02, 2.86061676e+02, 3.32554352e+02, 3.00534180e+02,
    3.30692139e+02, 315., 3.28893829e+02, 3.29100952e+02, 3.26951172e+02,
    3.43038879e+02, 3.25249908e+02, 3.56613434e+02, 3.21849213e+02,
    2.54466873e+02, 3.20100433e+02, 2.69425171e+02, 3.18318481e+02,
    2.84213531e+02, 3.16568024e+02, 2.98773132e+02, 3.14876526e+02,
    3.12945435e+02, 3.13203033e+02, 3.27123810e+02, 3.11523529e+02,
    3.41054993e+02, 3.09864410e+02, 3.54474945e+02, 3.05497650e+02,
    2.52616974e+02, 3.03928040e+02, 2.67594330e+02, 3.02268768e+02,
    2.82296143e+02, 3.00751892e+02, 2.96752472e+02, 2.99224823e+02,
    3.11290649e+02, 2.97721985e+02, 3.25227570e+02, 2.96187439e+02,
    3.39081970e+02, 2.94730927e+02, 3.52841125e+02, 2.89418518e+02,
    2.50905640e+02, 2.87971069e+02, 2.65928711e+02, 2.86557098e+02,
    2.80564697e+02, 2.85121216e+02, 2.95028137e+02, 2.83746155e+02,
    3.09258270e+02, 2.82383972e+02, 3.23482178e+02, 2.81037201e+02,
    3.37349335e+02, 2.79656891e+02, 3.50784790e+02, 2.73389496e+02,
    2.49234909e+02, 2.72156830e+02, 2.64026154e+02, 2.70826202e+02,
    2.78719299e+02, 2.69547211e+02, 2.93183746e+02, 2.68296936e+02,
    3.07671570e+02, 2.67062073e+02, 3.21538269e+02, 2.65796478e+02,
    3.35314453e+02, 2.64672729e+02, 3.48959778e+02, 2.57598999e+02,
    2.47548706e+02, 2.56446930e+02, 2.62358521e+02, 2.55329803e+02,
    2.77124908e+02, 2.54192947e+02, 2.91491669e+02, 2.53096100e+02,
    3.05676849e+02, 2.51910782e+02, 3.19824890e+02, 2.50853119e+02,
    3.33507080e+02, 2.49748032e+02, 3.46996918e+02, 2.41973755e+02,
    2.45892258e+02, 2.40975998e+02, 2.60820770e+02, 2.39881424e+02,
    2.75585724e+02, 2.38865784e+02, 2.89913025e+02, 2.37860031e+02,
    3.04023438e+02, 2.36875885e+02, 3.18144653e+02, 2.35878647e+02,
    3.31929565e+02, 2.34932404e+02, 3.45212982e+02, 2.26344360e+02,
    2.44236557e+02, 2.25427811e+02, 2.59262939e+02, 2.24583679e+02,
    2.73820190e+02, 2.23605896e+02, 2.88184967e+02, 2.22737854e+02,
    3.02429077e+02, 2.21844315e+02, 3.16272949e+02, 2.21054611e+02,
    3.29937866e+02, 2.20225739e+02, 3.43354126e+02, 2.10843323e+02,
    2.42713852e+02, 2.10131973e+02, 2.57616058e+02, 2.09304825e+02,
    2.72175873e+02, 2.08521027e+02, 2.86416046e+02, 2.07664459e+02,
    3.00781403e+02, 2.06931412e+02, 3.14518646e+02, 2.06330933e+02,
    3.28166138e+02, 2.05605942e+02, 3.41451447e+02, 1.95638458e+02,
    2.41185059e+02, 1.94897659e+02, 2.55886475e+02, 1.94248993e+02,
    2.70456238e+02, 1.93508255e+02, 2.84785675e+02, 1.92864670e+02,
    2.99055878e+02, 1.92344650e+02, 3.12718414e+02, 1.91681137e+02,
    3.26296143e+02, 1.91218536e+02, 3.39618286e+02, 1.80169907e+02,
    2.39599976e+02, 1.79533249e+02, 2.54298386e+02, 1.79126678e+02,
    2.68760712e+02, 1.78525940e+02, 2.83151642e+02, 1.78116928e+02,
    2.97190399e+02, 1.77573853e+02, 3.10962677e+02, 1.77094711e+02,
    3.24350616e+02, 1.76729996e+02, 3.37676636e+02 ]
