%YAML:1.0
---
points: [ 3.82754974e+02, 2.41391251e+02, 3.76737976e+02, 2.57637390e+02,
    3.70927734e+02, 2.73295624e+02, 3.65212341e+02, 2.88674347e+02,
    3.59675293e+02, 3.03791748e+02, 3.54260742e+02, 3.18649597e+02,
    3.48941620e+02, 3.33320923e+02, 3.43752502e+02, 3.47595734e+02,
    3.65209808e+02, 2.36879974e+02, 3.59391357e+02, 2.52917404e+02,
    3.53763916e+02, 2.68773682e+02, 3.48352814e+02, 2.84245209e+02,
    3.43038940e+02, 2.99416290e+02, 3.37804626e+02, 3.14351929e+02,
    3.32769348e+02, 3.29071198e+02, 3.27688446e+02, 3.43476746e+02,
    3.47652466e+02, 2.32287415e+02, 3.42108582e+02, 2.48434021e+02,
    3.36769501e+02, 2.64314606e+02, 3.31556763e+02, 2.79813690e+02,
    3.26376373e+02, 2.95172302e+02, 3.21402893e+02, 3.10197998e+02,
    3.16557190e+02, 3.24846436e+02, 3.11715332e+02, 3.39320129e+02,
    3.30207977e+02, 2.27625839e+02, 3.24852539e+02, 2.43878265e+02,
    3.19742493e+02, 2.59811035e+02, 3.14696198e+02, 2.75377686e+02,
    3.09844330e+02, 2.90722626e+02, 3.05018768e+02, 3.05764221e+02,
    3.00350281e+02, 3.20700592e+02, 2.95722046e+02, 3.35164307e+02,
    3.12680176e+02, 2.23067322e+02, 3.07655060e+02, 2.39361542e+02,
    3.02695862e+02, 2.55302307e+02, 2.97894257e+02, 2.71041473e+02,
    2.93193634e+02, 2.86510498e+02, 2.88582092e+02, 3.01636688e+02,
    2.83998444e+02, 3.16445251e+02, 2.79536926e+02, 3.31000153e+02,
    2.95386322e+02, 2.18569611e+02, 2.90487000e+02, 2.34910950e+02,
    2.85786499e+02, 2.50940186e+02, 2.81157959e+02, 2.66680298e+02,
    2.76595978e+02, 2.82206512e+02, 2.72218079e+02, 2.97360840e+02,
    2.67799530e+02, 3.12248108e+02, 2.63519623e+02, 3.26803650e+02,
    2.78047455e+02, 2.14108414e+02, 2.73452606e+02, 2.30425720e+02,
    2.68859924e+02, 2.46615280e+02, 2.64455231e+02, 2.62365540e+02,
    2.60074677e+02, 2.77927521e+02, 2.55752029e+02, 2.93097168e+02,
    2.51505234e+02, 3.08038147e+02, 2.47364059e+02, 3.22702332e+02,
    2.60624420e+02, 2.09457596e+02, 2.56259430e+02, 2.25997040e+02,
    2.51866074e+02, 2.42203964e+02, 2.47598434e+02, 2.58071350e+02,
    2.43354111e+02, 2.73669159e+02, 2.39224014e+02, 2.88879608e+02,
    2.35176086e+02, 3.03860657e+02, 2.31225769e+02, 3.18420654e+02,
    2.43351013e+02, 2.04920135e+02, 2.39125565e+02, 2.21548294e+02,
    2.34865814e+02, 2.37835403e+02, 2.30804718e+02, 2.53752136e+02,
    2.26724030e+02, 2.69402985e+02, 2.22801773e+02, 2.84689117e+02,
    2.18882889e+02, 2.99742554e+02, 2.15078445e+02, 3.14262146e+02,
    2.26163147e+02, 2.00421463e+02, 2.22011185e+02, 2.17086975e+02,
    2.17983002e+02, 2.33400726e+02, 2.14047089e+02, 2.49323959e+02,
    2.10111282e+02, 2.65139404e+02, 2.06332520e+02, 2.80344635e+02,
    2.02554810e+02, 2.95452606e+02, 1.99002823e+02, 3.10113678e+02,
    2.08598465e+02, 1.95791992e+02, 2.04658691e+02, 2.12538696e+02,
    2.00837341e+02, 2.28932816e+02, 1.97056946e+02, 2.44950089e+02,
    1.93305038e+02, 2.60704956e+02, 1.89747726e+02, 2.75959930e+02,
    1.86163773e+02, 2.91115082e+02, 1.82677322e+02, 3.05831268e+02 ]
