%YAML:1.0
---
points: [ 3.94763977e+02, 2.50556519e+02, 3.86228790e+02, 2.65888000e+02,
    3.78128235e+02, 2.80640320e+02, 3.70158264e+02, 2.95140625e+02,
    3.62471130e+02, 3.09236786e+02, 3.55110809e+02, 3.23001221e+02,
    3.47888123e+02, 3.36365448e+02, 3.40814819e+02, 3.49473541e+02,
    3.77466614e+02, 2.44174026e+02, 3.69220062e+02, 2.59643127e+02,
    3.61362183e+02, 2.74616394e+02, 3.53669312e+02, 2.89165924e+02,
    3.46226593e+02, 3.03434418e+02, 3.39062653e+02, 3.17356476e+02,
    3.32141663e+02, 3.30881653e+02, 3.25266937e+02, 3.44055481e+02,
    3.60080444e+02, 2.37783813e+02, 3.52113739e+02, 2.53346848e+02,
    3.44574158e+02, 2.68421570e+02, 3.37134674e+02, 2.83205414e+02,
    3.30039429e+02, 2.97622406e+02, 3.23077515e+02, 3.11708496e+02,
    3.16325043e+02, 3.25445190e+02, 3.09772186e+02, 3.38711517e+02,
    3.42724121e+02, 2.31387146e+02, 3.35014526e+02, 2.47104248e+02,
    3.27683563e+02, 2.62383484e+02, 3.20644348e+02, 2.77183472e+02,
    3.13679260e+02, 2.91759857e+02, 3.06988159e+02, 3.05994873e+02,
    3.00464386e+02, 3.19862061e+02, 2.94096802e+02, 3.33235413e+02,
    3.25197906e+02, 2.25022446e+02, 3.17864014e+02, 2.40883667e+02,
    3.10813477e+02, 2.56262054e+02, 3.03964478e+02, 2.71256836e+02,
    2.97247284e+02, 2.86010651e+02, 2.90807892e+02, 3.00331512e+02,
    2.84461121e+02, 3.14264740e+02, 2.78303833e+02, 3.27761475e+02,
    3.07833984e+02, 2.18609222e+02, 3.00724976e+02, 2.34666000e+02,
    2.93944305e+02, 2.50162109e+02, 2.87341217e+02, 2.65323181e+02,
    2.80843353e+02, 2.80177185e+02, 2.74636658e+02, 2.94604980e+02,
    2.68518707e+02, 3.08658173e+02, 2.62578247e+02, 3.22322754e+02,
    2.90363495e+02, 2.12192703e+02, 2.83632751e+02, 2.28414108e+02,
    2.77022461e+02, 2.44220520e+02, 2.70642090e+02, 2.59431000e+02,
    2.64378265e+02, 2.74475525e+02, 2.58352478e+02, 2.88885834e+02,
    2.52431198e+02, 3.02936554e+02, 2.46738541e+02, 3.16691193e+02,
    2.72865906e+02, 2.05805466e+02, 2.66266449e+02, 2.22232758e+02,
    2.59952911e+02, 2.38059097e+02, 2.53815170e+02, 2.53440704e+02,
    2.47831680e+02, 2.68538361e+02, 2.41932602e+02, 2.83125000e+02,
    2.36223145e+02, 2.97377289e+02, 2.30702942e+02, 3.11087219e+02,
    2.55269562e+02, 1.99445160e+02, 2.49057693e+02, 2.15931931e+02,
    2.42912857e+02, 2.32013962e+02, 2.36992325e+02, 2.47510925e+02,
    2.31183365e+02, 2.62695984e+02, 2.25514328e+02, 2.77346008e+02,
    2.20088242e+02, 2.91632660e+02, 2.14748657e+02, 3.05444153e+02,
    2.37774658e+02, 1.93029373e+02, 2.31718613e+02, 2.09633972e+02,
    2.25787476e+02, 2.25797028e+02, 2.20108185e+02, 2.41335266e+02,
    2.14554764e+02, 2.56727753e+02, 2.09157471e+02, 2.71447235e+02,
    2.03831894e+02, 2.85909790e+02, 1.98719711e+02, 2.99862823e+02,
    2.19844223e+02, 1.86419815e+02, 2.14050217e+02, 2.03177414e+02,
    2.08468155e+02, 2.19540588e+02, 2.03000076e+02, 2.35235138e+02,
    1.97641983e+02, 2.50647949e+02, 1.92437119e+02, 2.65482574e+02,
    1.87368744e+02, 2.79992706e+02, 1.82400131e+02, 2.94196228e+02 ]
