%YAML:1.0
---
points: [ 3.58506409e+02, 1.90103119e+02, 3.61106201e+02, 2.06161423e+02,
    3.63702667e+02, 2.21806229e+02, 3.66294464e+02, 2.37179352e+02,
    3.68857971e+02, 2.52256378e+02, 3.71382385e+02, 2.67198029e+02,
    3.73898041e+02, 2.81796051e+02, 3.76315155e+02, 2.96246155e+02,
    3.41321106e+02, 1.93728638e+02, 3.44128723e+02, 2.09546021e+02,
    3.46882080e+02, 2.25111511e+02, 3.49688721e+02, 2.40308090e+02,
    3.52417511e+02, 2.55491486e+02, 3.55094177e+02, 2.70221008e+02,
    3.57817963e+02, 2.84731293e+02, 3.60376556e+02, 2.99076202e+02,
    3.24311829e+02, 1.97266403e+02, 3.27414154e+02, 2.12975220e+02,
    3.30392761e+02, 2.28420044e+02, 3.33262909e+02, 2.43564865e+02,
    3.36122437e+02, 2.58446228e+02, 3.39050354e+02, 2.73183533e+02,
    3.41934448e+02, 2.87727539e+02, 3.44641602e+02, 3.01854126e+02,
    3.07748077e+02, 2.00678604e+02, 3.10907990e+02, 2.16369034e+02,
    3.13993591e+02, 2.31703766e+02, 3.17067993e+02, 2.46672302e+02,
    3.20205902e+02, 2.61579285e+02, 3.23159821e+02, 2.76192871e+02,
    3.26152252e+02, 2.90628479e+02, 3.29056580e+02, 3.04729156e+02,
    2.91145660e+02, 2.04221176e+02, 2.94562592e+02, 2.19691696e+02,
    2.97771820e+02, 2.34824722e+02, 3.01068939e+02, 2.49817993e+02,
    3.04274719e+02, 2.64679962e+02, 3.07433075e+02, 2.79175415e+02,
    3.10501129e+02, 2.93546722e+02, 3.13529205e+02, 3.07577728e+02,
    2.75008301e+02, 2.07571487e+02, 2.78401672e+02, 2.22958969e+02,
    2.81856354e+02, 2.38084351e+02, 2.85264832e+02, 2.53045731e+02,
    2.88557556e+02, 2.67658813e+02, 2.91805084e+02, 2.82217499e+02,
    2.95050140e+02, 2.96376312e+02, 2.98155731e+02, 3.10304871e+02,
    2.58870056e+02, 2.11012238e+02, 2.62578003e+02, 2.26286606e+02,
    2.66130035e+02, 2.41452469e+02, 2.69564514e+02, 2.56171661e+02,
    2.72988647e+02, 2.70791199e+02, 2.76341522e+02, 2.85122742e+02,
    2.79712158e+02, 2.99326630e+02, 2.82875275e+02, 3.13108917e+02,
    2.42963684e+02, 2.14449951e+02, 2.46716690e+02, 2.29661713e+02,
    2.50336411e+02, 2.44641312e+02, 2.53966446e+02, 2.59422546e+02,
    2.57426727e+02, 2.73876190e+02, 2.60983032e+02, 2.88157990e+02,
    2.64384705e+02, 3.01979431e+02, 2.67735382e+02, 3.15806641e+02,
    2.27156265e+02, 2.17794891e+02, 2.31059006e+02, 2.32910217e+02,
    2.34780075e+02, 2.47859573e+02, 2.38485977e+02, 2.62485443e+02,
    2.42168198e+02, 2.76912354e+02, 2.45716812e+02, 2.91030823e+02,
    2.49308014e+02, 3.04980774e+02, 2.52730026e+02, 3.18588562e+02,
    2.11576431e+02, 2.21141479e+02, 2.15504303e+02, 2.36132156e+02,
    2.19471375e+02, 2.51002029e+02, 2.23262375e+02, 2.65549774e+02,
    2.27094879e+02, 2.79862091e+02, 2.30708923e+02, 2.93904785e+02,
    2.34391403e+02, 3.07689484e+02, 2.37957443e+02, 3.21175568e+02,
    1.95827118e+02, 2.24400635e+02, 2.00017365e+02, 2.39280930e+02,
    2.03988022e+02, 2.54011826e+02, 2.07966095e+02, 2.68455261e+02,
    2.11821411e+02, 2.82674103e+02, 2.15693756e+02, 2.96687012e+02,
    2.19335892e+02, 3.10399841e+02, 2.23111084e+02, 3.23813782e+02 ]
