%YAML:1.0
---
points: [ 3.06458069e+02, 1.66566147e+02, 3.16681580e+02, 1.79868393e+02,
    3.26753021e+02, 1.93114746e+02, 3.36822540e+02, 2.06136826e+02,
    3.46783936e+02, 2.19257324e+02, 3.56711914e+02, 2.32215866e+02,
    3.66554962e+02, 2.45173401e+02, 3.76372620e+02, 2.57915009e+02,
    2.92703949e+02, 1.76833557e+02, 3.02842438e+02, 1.89995407e+02,
    3.12860504e+02, 2.02977097e+02, 3.22887512e+02, 2.15852432e+02,
    3.32827454e+02, 2.28744949e+02, 3.42701813e+02, 2.41510590e+02,
    3.52550354e+02, 2.54314255e+02, 3.62303833e+02, 2.66858887e+02,
    2.79310760e+02, 1.86886749e+02, 2.89368042e+02, 1.99783524e+02,
    2.99420349e+02, 2.12628296e+02, 3.09376465e+02, 2.25292084e+02,
    3.19259430e+02, 2.37987823e+02, 3.29079742e+02, 2.50614548e+02,
    3.38859650e+02, 2.63159576e+02, 3.48597321e+02, 2.75657867e+02,
    2.66270081e+02, 1.96566772e+02, 2.76258759e+02, 2.09315384e+02,
    2.86270752e+02, 2.21925049e+02, 2.96145538e+02, 2.34501434e+02,
    3.05966827e+02, 2.47022186e+02, 3.15739044e+02, 2.59445282e+02,
    3.25459106e+02, 2.71889160e+02, 3.35109436e+02, 2.84194824e+02,
    2.53463715e+02, 2.06201416e+02, 2.63475616e+02, 2.18743256e+02,
    2.73357025e+02, 2.31209091e+02, 2.83181213e+02, 2.43541138e+02,
    2.93050842e+02, 2.55919617e+02, 3.02663269e+02, 2.68233948e+02,
    3.12349518e+02, 2.80476288e+02, 3.21892883e+02, 2.92629639e+02,
    2.41008255e+02, 2.15588547e+02, 2.50960846e+02, 2.27921295e+02,
    2.60804321e+02, 2.40249496e+02, 2.70626190e+02, 2.52501907e+02,
    2.80298553e+02, 2.64667542e+02, 2.89981354e+02, 2.76824005e+02,
    2.99553436e+02, 2.88809967e+02, 3.09137543e+02, 3.00828064e+02,
    2.28846298e+02, 2.24714432e+02, 2.38726883e+02, 2.36915222e+02,
    2.48441681e+02, 2.49069061e+02, 2.58177673e+02, 2.61177765e+02,
    2.67871826e+02, 2.73255554e+02, 2.77439911e+02, 2.85243011e+02,
    2.87020691e+02, 2.97119934e+02, 2.96423248e+02, 3.08957611e+02,
    2.16817688e+02, 2.33661819e+02, 2.26631638e+02, 2.45856720e+02,
    2.36282166e+02, 2.57883728e+02, 2.45964508e+02, 2.69812866e+02,
    2.55534454e+02, 2.81773712e+02, 2.65115479e+02, 2.93611145e+02,
    2.74558289e+02, 3.05294098e+02, 2.84067291e+02, 3.16804016e+02,
    2.05056747e+02, 2.42574249e+02, 2.14783737e+02, 2.54587570e+02,
    2.24434952e+02, 2.66496155e+02, 2.34023178e+02, 2.78327454e+02,
    2.43555908e+02, 2.90011261e+02, 2.53042328e+02, 3.01731171e+02,
    2.62487213e+02, 3.13272339e+02, 2.71837250e+02, 3.24689056e+02,
    1.93630905e+02, 2.51109741e+02, 2.03291656e+02, 2.62982422e+02,
    2.12858917e+02, 2.74761322e+02, 2.22379837e+02, 2.86443085e+02,
    2.31879791e+02, 2.98076202e+02, 2.41296875e+02, 3.09569519e+02,
    2.50664444e+02, 3.20998657e+02, 2.60035034e+02, 3.32215332e+02,
    1.82133865e+02, 2.59723572e+02, 1.91779663e+02, 2.71369385e+02,
    2.01379517e+02, 2.83034698e+02, 2.10798782e+02, 2.94583588e+02,
    2.20280350e+02, 3.05966125e+02, 2.29650345e+02, 3.17332733e+02,
    2.39026276e+02, 3.28593445e+02, 2.48228058e+02, 3.39784149e+02 ]
