%YAML:1.0
---
points: [ 2.87699738e+02, 1.66070526e+02, 2.99807281e+02, 1.78097977e+02,
    3.11771698e+02, 1.90019653e+02, 3.23621979e+02, 2.01814850e+02,
    3.35446533e+02, 2.13597321e+02, 3.47143280e+02, 2.25319885e+02,
    3.58768616e+02, 2.36961563e+02, 3.70320404e+02, 2.48459442e+02,
    2.75378906e+02, 1.78087936e+02, 2.87409546e+02, 1.89895950e+02,
    2.99231445e+02, 2.01590683e+02, 3.11025970e+02, 2.13205292e+02,
    3.22729675e+02, 2.24797256e+02, 3.34383423e+02, 2.36312012e+02,
    3.45918793e+02, 2.47791443e+02, 3.57459778e+02, 2.59220947e+02,
    2.63371368e+02, 1.89775269e+02, 2.75301636e+02, 2.01361816e+02,
    2.87150238e+02, 2.12873962e+02, 2.98770050e+02, 2.24252640e+02,
    3.10446594e+02, 2.35697098e+02, 3.21925293e+02, 2.47052872e+02,
    3.33501282e+02, 2.58397369e+02, 3.44812775e+02, 2.69511780e+02,
    2.51733826e+02, 2.01070724e+02, 2.63598846e+02, 2.12540283e+02,
    2.75283051e+02, 2.23811066e+02, 2.86874969e+02, 2.35092392e+02,
    2.98408966e+02, 2.46290695e+02, 3.09892456e+02, 2.57564026e+02,
    3.21275116e+02, 2.68684998e+02, 3.32603455e+02, 2.79762024e+02,
    2.40353470e+02, 2.12254913e+02, 2.52072952e+02, 2.23423508e+02,
    2.63698517e+02, 2.34656418e+02, 2.75190033e+02, 2.45692810e+02,
    2.86723724e+02, 2.56880890e+02, 2.98067627e+02, 2.67875214e+02,
    3.09332397e+02, 2.78837433e+02, 3.20604950e+02, 2.89754272e+02,
    2.29213165e+02, 2.23009979e+02, 2.40918747e+02, 2.34181122e+02,
    2.52413818e+02, 2.45170334e+02, 2.63854401e+02, 2.56153137e+02,
    2.75223419e+02, 2.67043060e+02, 2.86539124e+02, 2.77932159e+02,
    2.97727997e+02, 2.88753387e+02, 3.08908813e+02, 2.99541412e+02,
    2.18399307e+02, 2.33669571e+02, 2.29885681e+02, 2.44626099e+02,
    2.41392075e+02, 2.55529755e+02, 2.52680679e+02, 2.66345612e+02,
    2.64026093e+02, 2.77159515e+02, 2.75168427e+02, 2.87865875e+02,
    2.86376221e+02, 2.98534760e+02, 2.97355865e+02, 3.09083893e+02,
    2.07649857e+02, 2.44121841e+02, 2.19085541e+02, 2.54994690e+02,
    2.30472397e+02, 2.65752625e+02, 2.41715103e+02, 2.76482971e+02,
    2.52953125e+02, 2.87081116e+02, 2.64048096e+02, 2.97667938e+02,
    2.75139862e+02, 3.08155914e+02, 2.86122894e+02, 3.18472198e+02,
    1.97211197e+02, 2.54346603e+02, 2.08595428e+02, 2.65114441e+02,
    2.19823608e+02, 2.75727509e+02, 2.31004837e+02, 2.86292297e+02,
    2.42166656e+02, 2.96806366e+02, 2.53189789e+02, 3.07166321e+02,
    2.64214478e+02, 3.17520203e+02, 2.75072479e+02, 3.27632141e+02,
    1.87019684e+02, 2.64377686e+02, 1.98224030e+02, 2.74942780e+02,
    2.09450943e+02, 2.85359985e+02, 2.20563034e+02, 2.95794556e+02,
    2.31650589e+02, 3.06231262e+02, 2.42615372e+02, 3.16363556e+02,
    2.53526230e+02, 3.26594849e+02, 2.64328278e+02, 3.36464844e+02,
    1.76847168e+02, 2.74256714e+02, 1.88072159e+02, 2.84712311e+02,
    1.99245636e+02, 2.94962402e+02, 2.10234863e+02, 3.05200226e+02,
    2.21222137e+02, 3.15389465e+02, 2.32159683e+02, 3.25419739e+02,
    2.42980728e+02, 3.35440704e+02, 2.53689148e+02, 3.45318268e+02 ]
