%YAML:1.0
---
points: [ 2.00652328e+02, 1.80346756e+02, 2.09683441e+02, 1.93932205e+02,
    2.18389572e+02, 2.07178452e+02, 2.26820633e+02, 2.20215607e+02,
    2.35141556e+02, 2.32919266e+02, 2.43278458e+02, 2.45443344e+02,
    2.51191635e+02, 2.57776642e+02, 2.59005676e+02, 2.69879913e+02,
    1.86891220e+02, 1.88451279e+02, 1.95966248e+02, 2.01850052e+02,
    2.04777802e+02, 2.15019333e+02, 2.13428360e+02, 2.27780472e+02,
    2.21819458e+02, 2.40359116e+02, 2.30011398e+02, 2.52719391e+02,
    2.38063858e+02, 2.64892120e+02, 2.45909241e+02, 2.76906799e+02,
    1.73273346e+02, 1.96442734e+02, 1.82492767e+02, 2.09649887e+02,
    1.91439056e+02, 2.22652405e+02, 2.00109375e+02, 2.35238937e+02,
    2.08648163e+02, 2.47763000e+02, 2.16917480e+02, 2.59973907e+02,
    2.25012512e+02, 2.72108948e+02, 2.32993362e+02, 2.83868744e+02,
    1.59863297e+02, 2.04258316e+02, 1.69162216e+02, 2.17415085e+02,
    1.78189636e+02, 2.30198639e+02, 1.86962570e+02, 2.42728027e+02,
    1.95634003e+02, 2.55040375e+02, 2.03969955e+02, 2.67142670e+02,
    2.12179779e+02, 2.79080109e+02, 2.20215378e+02, 2.90750824e+02,
    1.46512802e+02, 2.12172836e+02, 1.55935242e+02, 2.25146713e+02,
    1.65110733e+02, 2.37749863e+02, 1.73970932e+02, 2.50129242e+02,
    1.82623108e+02, 2.62389832e+02, 1.91115646e+02, 2.74368561e+02,
    1.99349136e+02, 2.86081421e+02, 2.07514954e+02, 2.97656067e+02,
    1.33522690e+02, 2.19943329e+02, 1.42954758e+02, 2.32658249e+02,
    1.52135040e+02, 2.45212097e+02, 1.61077682e+02, 2.57467712e+02,
    1.69845398e+02, 2.69626556e+02, 1.78476807e+02, 2.81423096e+02,
    1.86789810e+02, 2.92965759e+02, 1.95080399e+02, 3.04372986e+02,
    1.20599983e+02, 2.27515244e+02, 1.30040955e+02, 2.40187302e+02,
    1.39292175e+02, 2.52636826e+02, 1.48265671e+02, 2.64777496e+02,
    1.57175369e+02, 2.76717346e+02, 1.65843597e+02, 2.88468048e+02,
    1.74321991e+02, 2.99844086e+02, 1.82639893e+02, 3.11123627e+02,
    1.07799507e+02, 2.35191483e+02, 1.17294571e+02, 2.47641113e+02,
    1.26544716e+02, 2.59991150e+02, 1.35645996e+02, 2.72013489e+02,
    1.44534134e+02, 2.83842499e+02, 1.53331207e+02, 2.95369446e+02,
    1.61888687e+02, 3.06633698e+02, 1.70321869e+02, 3.17608154e+02,
    9.52587280e+01, 2.42579712e+02, 1.04722961e+02, 2.55101105e+02,
    1.14119049e+02, 2.67228607e+02, 1.23195671e+02, 2.79126617e+02,
    1.32243805e+02, 2.90773254e+02, 1.41047440e+02, 3.02176666e+02,
    1.49690018e+02, 3.13293365e+02, 1.58209030e+02, 3.24227936e+02,
    8.30143433e+01, 2.49828888e+02, 9.25613556e+01, 2.62191895e+02,
    1.01860352e+02, 2.74232239e+02, 1.11097946e+02, 2.85938751e+02,
    1.20223190e+02, 2.97514557e+02, 1.29078018e+02, 3.08690887e+02,
    1.37802246e+02, 3.19738403e+02, 1.46341492e+02, 3.30344330e+02,
    7.08890076e+01, 2.57166992e+02, 8.04147644e+01, 2.69282104e+02,
    8.98826370e+01, 2.81141815e+02, 9.91135864e+01, 2.92717010e+02,
    1.08219772e+02, 3.04058899e+02, 1.17192856e+02, 3.15147644e+02,
    1.26001953e+02, 3.26075409e+02, 1.34569061e+02, 3.36700745e+02 ]
