%YAML:1.0
---
points: [ 1.58046326e+02, 1.68465515e+02, 1.68241150e+02, 1.83794296e+02,
    1.78155930e+02, 1.98663818e+02, 1.87801407e+02, 2.13227478e+02,
    1.97099258e+02, 2.27514481e+02, 2.06191772e+02, 2.41523041e+02,
    2.15068466e+02, 2.55289398e+02, 2.23702957e+02, 2.68813049e+02,
    1.43348999e+02, 1.77012604e+02, 1.53669022e+02, 1.92152374e+02,
    1.63620026e+02, 2.06758347e+02, 1.73294174e+02, 2.21212952e+02,
    1.82748306e+02, 2.35269348e+02, 1.91875000e+02, 2.49069977e+02,
    2.00816620e+02, 2.62678864e+02, 2.09575882e+02, 2.75970795e+02,
    1.28846771e+02, 1.85495499e+02, 1.39243225e+02, 2.00292450e+02,
    1.49296661e+02, 2.14775314e+02, 1.59103073e+02, 2.28959808e+02,
    1.68577118e+02, 2.42927124e+02, 1.77827484e+02, 2.56502594e+02,
    1.86860291e+02, 2.69901703e+02, 1.95668640e+02, 2.83000092e+02,
    1.14733139e+02, 1.93775909e+02, 1.25183174e+02, 2.08382416e+02,
    1.35252319e+02, 2.22635727e+02, 1.45085144e+02, 2.36621155e+02,
    1.54675262e+02, 2.50381760e+02, 1.63963074e+02, 2.63855591e+02,
    1.73034790e+02, 2.77132050e+02, 1.81967773e+02, 2.90026794e+02,
    1.00746727e+02, 2.01956757e+02, 1.11238327e+02, 2.16356613e+02,
    1.21389954e+02, 2.30433640e+02, 1.31225479e+02, 2.44215714e+02,
    1.40831512e+02, 2.57873474e+02, 1.50230103e+02, 2.71128967e+02,
    1.59400162e+02, 2.84203735e+02, 1.68508560e+02, 2.96909821e+02,
    8.72519684e+01, 2.10029633e+02, 9.76356506e+01, 2.24227066e+02,
    1.07742386e+02, 2.38138428e+02, 1.17726418e+02, 2.51697815e+02,
    1.27380997e+02, 2.65114349e+02, 1.36851059e+02, 2.78251831e+02,
    1.46134506e+02, 2.91155182e+02, 1.55202713e+02, 3.03677460e+02,
    7.40688248e+01, 2.17828705e+02, 8.42917023e+01, 2.31827438e+02,
    9.43931427e+01, 2.45663177e+02, 1.04336349e+02, 2.59159760e+02,
    1.14065872e+02, 2.72305573e+02, 1.23564758e+02, 2.85204498e+02,
    1.32962372e+02, 2.97874664e+02, 1.42063354e+02, 3.10193817e+02,
    6.09564362e+01, 2.25626511e+02, 7.12739639e+01, 2.39460938e+02,
    8.12758331e+01, 2.53106369e+02, 9.12321167e+01, 2.66368164e+02,
    1.00946205e+02, 2.79343872e+02, 1.10549339e+02, 2.92163483e+02,
    1.19986969e+02, 3.04536743e+02, 1.29303528e+02, 3.16693390e+02,
    4.84384422e+01, 2.33183228e+02, 5.85744972e+01, 2.46867065e+02,
    6.85804901e+01, 2.60247681e+02, 7.85306625e+01, 2.73371735e+02,
    8.83330231e+01, 2.86294342e+02, 9.79188309e+01, 2.98855988e+02,
    1.07425156e+02, 3.11044464e+02, 1.16727425e+02, 3.22935516e+02,
    3.64019318e+01, 2.40387268e+02, 4.65625191e+01, 2.53988403e+02,
    5.64581528e+01, 2.67131592e+02, 6.63616486e+01, 2.80136414e+02,
    7.60732040e+01, 2.92721283e+02, 8.57775955e+01, 3.05155640e+02,
    9.52789383e+01, 3.17224579e+02, 1.04659195e+02, 3.28922668e+02,
    2.48239079e+01, 2.47711639e+02, 3.46774902e+01, 2.60935974e+02,
    4.46419601e+01, 2.74005432e+02, 5.44084167e+01, 2.86685486e+02,
    6.41965256e+01, 2.99185486e+02, 7.37815094e+01, 3.11243896e+02,
    8.33662720e+01, 3.23266541e+02, 9.25736313e+01, 3.34796173e+02 ]
