%YAML:1.0
---
points: [ 1.78357895e+02, 1.72483963e+02, 1.85411392e+02, 1.87783783e+02,
    1.92087814e+02, 2.02581436e+02, 1.98431076e+02, 2.17146301e+02,
    2.04715912e+02, 2.31181610e+02, 2.10718414e+02, 2.44953522e+02,
    2.16427460e+02, 2.58356659e+02, 2.22116470e+02, 2.71555115e+02,
    1.63426346e+02, 1.77083221e+02, 1.70609238e+02, 1.92218369e+02,
    1.77426208e+02, 2.06836823e+02, 1.84015137e+02, 2.21129562e+02,
    1.90356720e+02, 2.35031097e+02, 1.96398422e+02, 2.48567902e+02,
    2.02414444e+02, 2.61867126e+02, 2.08073654e+02, 2.74755371e+02,
    1.48888504e+02, 1.81702576e+02, 1.56145447e+02, 1.96536835e+02,
    1.63107391e+02, 2.10914124e+02, 1.69801071e+02, 2.24999451e+02,
    1.76255951e+02, 2.38807892e+02, 1.82540054e+02, 2.52166870e+02,
    1.88604584e+02, 2.65333038e+02, 1.94443680e+02, 2.78038422e+02,
    1.34692856e+02, 1.86151901e+02, 1.41949493e+02, 2.00747299e+02,
    1.49100159e+02, 2.15131363e+02, 1.55904770e+02, 2.28918549e+02,
    1.62526520e+02, 2.42477722e+02, 1.68827591e+02, 2.55726990e+02,
    1.74978531e+02, 2.68685333e+02, 1.81022873e+02, 2.81219269e+02,
    1.20747467e+02, 1.90511215e+02, 1.28181152e+02, 2.05051788e+02,
    1.35299927e+02, 2.19093399e+02, 1.42217377e+02, 2.32782822e+02,
    1.48905930e+02, 2.46222412e+02, 1.55390793e+02, 2.59305908e+02,
    1.61663422e+02, 2.71988098e+02, 1.67870422e+02, 2.84290833e+02,
    1.07186111e+02, 1.94819550e+02, 1.14703239e+02, 2.09149551e+02,
    1.21876976e+02, 2.22966476e+02, 1.28890839e+02, 2.36564850e+02,
    1.35635544e+02, 2.49828201e+02, 1.42263306e+02, 2.62727814e+02,
    1.48706192e+02, 2.75337280e+02, 1.54945908e+02, 2.87437775e+02,
    9.39667969e+01, 1.99063324e+02, 1.01467590e+02, 2.13129852e+02,
    1.08699242e+02, 2.26954254e+02, 1.15756714e+02, 2.40318695e+02,
    1.22657471e+02, 2.53365509e+02, 1.29261642e+02, 2.66028412e+02,
    1.35899521e+02, 2.78459473e+02, 1.42284164e+02, 2.90520813e+02,
    8.09500656e+01, 2.03208069e+02, 8.84300385e+01, 2.17161102e+02,
    9.57519913e+01, 2.30751358e+02, 1.02853142e+02, 2.43986847e+02,
    1.09766464e+02, 2.56981354e+02, 1.16588661e+02, 2.69385040e+02,
    1.23234520e+02, 2.81436127e+02, 1.29884659e+02, 2.93345093e+02,
    6.84632339e+01, 2.07315933e+02, 7.59404831e+01, 2.21043900e+02,
    8.31740494e+01, 2.34458557e+02, 9.04166565e+01, 2.47430344e+02,
    9.73982010e+01, 2.60198578e+02, 1.04338142e+02, 2.72508057e+02,
    1.11097168e+02, 2.84573120e+02, 1.17720192e+02, 2.96166840e+02,
    5.63426971e+01, 2.11184265e+02, 6.38658867e+01, 2.24793167e+02,
    7.11944809e+01, 2.37925339e+02, 7.83964310e+01, 2.50833084e+02,
    8.54879379e+01, 2.63288879e+02, 9.24318542e+01, 2.75474854e+02,
    9.92659302e+01, 2.87325836e+02, 1.05980438e+02, 2.98768280e+02,
    4.45915146e+01, 2.15189850e+02, 5.20403290e+01, 2.28295944e+02,
    5.94796753e+01, 2.41451874e+02, 6.65669250e+01, 2.54024689e+02,
    7.39023743e+01, 2.66376282e+02, 8.09031906e+01, 2.78239868e+02,
    8.77674942e+01, 2.90064941e+02, 9.44083633e+01, 3.01277557e+02 ]
