%YAML:1.0
---
points: [ 2.11676422e+02, 1.78532913e+02, 2.14085449e+02, 1.95100693e+02,
    2.16432953e+02, 2.10890656e+02, 2.18610687e+02, 2.26341232e+02,
    2.20714005e+02, 2.41496445e+02, 2.22667023e+02, 2.56071350e+02,
    2.24505096e+02, 2.70419159e+02, 2.26368286e+02, 2.84435303e+02,
    1.95082275e+02, 1.79313522e+02, 1.97762787e+02, 1.95548599e+02,
    2.00247803e+02, 2.11355133e+02, 2.02670914e+02, 2.26635803e+02,
    2.05001785e+02, 2.41713470e+02, 2.07141586e+02, 2.56151031e+02,
    2.09229080e+02, 2.70359375e+02, 2.11304413e+02, 2.84294342e+02,
    1.78738770e+02, 1.80000931e+02, 1.81676422e+02, 1.96155502e+02,
    1.84405655e+02, 2.11782410e+02, 1.87084305e+02, 2.26926956e+02,
    1.89629303e+02, 2.41951401e+02, 1.91903625e+02, 2.56307892e+02,
    1.94114594e+02, 2.70426086e+02, 1.96447327e+02, 2.84361359e+02,
    1.62804153e+02, 1.80725189e+02, 1.65959656e+02, 1.96808563e+02,
    1.68811646e+02, 2.12298370e+02, 1.71669388e+02, 2.27373428e+02,
    1.74427429e+02, 2.42226334e+02, 1.76903275e+02, 2.56542419e+02,
    1.79385254e+02, 2.70540924e+02, 1.81802673e+02, 2.84286835e+02,
    1.46917908e+02, 1.81441757e+02, 1.50297791e+02, 1.97362701e+02,
    1.53467987e+02, 2.12781815e+02, 1.56520172e+02, 2.27719803e+02,
    1.59283661e+02, 2.42557739e+02, 1.61999023e+02, 2.56833130e+02,
    1.64740906e+02, 2.70729523e+02, 1.67344833e+02, 2.83995178e+02,
    1.31507751e+02, 1.82099915e+02, 1.34898911e+02, 1.97810410e+02,
    1.38322067e+02, 2.13303787e+02, 1.41467163e+02, 2.28198959e+02,
    1.44565155e+02, 2.42852661e+02, 1.47518463e+02, 2.56958679e+02,
    1.50320572e+02, 2.70722626e+02, 1.53142090e+02, 2.84075226e+02,
    1.16309814e+02, 1.82800842e+02, 1.19925919e+02, 1.98583115e+02,
    1.23296097e+02, 2.13743484e+02, 1.26642006e+02, 2.28675552e+02,
    1.29957993e+02, 2.43120224e+02, 1.33068466e+02, 2.57088593e+02,
    1.36044464e+02, 2.70660553e+02, 1.39143234e+02, 2.84016876e+02,
    1.01296989e+02, 1.83574081e+02, 1.05017456e+02, 1.99091522e+02,
    1.08512917e+02, 2.14194489e+02, 1.11998428e+02, 2.28936340e+02,
    1.15423859e+02, 2.43406525e+02, 1.18728294e+02, 2.57229736e+02,
    1.22042732e+02, 2.70767792e+02, 1.25207718e+02, 2.83772034e+02,
    8.67258682e+01, 1.84328522e+02, 9.04888535e+01, 1.99659378e+02,
    9.41662521e+01, 2.14756012e+02, 9.77499695e+01, 2.29380814e+02,
    1.01402763e+02, 2.43696579e+02, 1.04820419e+02, 2.57336670e+02,
    1.08368515e+02, 2.70801331e+02, 1.11721855e+02, 2.83829559e+02,
    7.25141144e+01, 1.84934250e+02, 7.63353653e+01, 2.00205704e+02,
    8.02287369e+01, 2.15098938e+02, 8.39357300e+01, 2.29674286e+02,
    8.77639771e+01, 2.43675385e+02, 9.14826660e+01, 2.57518036e+02,
    9.49556732e+01, 2.70677979e+02, 9.85400925e+01, 2.83587250e+02,
    5.85072441e+01, 1.85711044e+02, 6.24876137e+01, 2.00754364e+02,
    6.65097809e+01, 2.15664047e+02, 7.03542252e+01, 2.29801941e+02,
    7.42641754e+01, 2.43743546e+02, 7.80873489e+01, 2.57278503e+02,
    8.19364395e+01, 2.70673279e+02, 8.55398941e+01, 2.83270264e+02 ]
