%YAML:1.0
---
points: [ 2.22529099e+02, 1.83942825e+02, 2.24916107e+02, 2.00240311e+02,
    2.27208679e+02, 2.15889053e+02, 2.29334656e+02, 2.30876755e+02,
    2.31476898e+02, 2.45561005e+02, 2.33557709e+02, 2.59721954e+02,
    2.35449539e+02, 2.73586517e+02, 2.37348343e+02, 2.86872040e+02,
    2.04705566e+02, 1.85938126e+02, 2.07449493e+02, 2.02242355e+02,
    2.10006012e+02, 2.17897156e+02, 2.12594925e+02, 2.32827972e+02,
    2.14942047e+02, 2.47598312e+02, 2.17275955e+02, 2.61711517e+02,
    2.19532059e+02, 2.75581482e+02, 2.21647995e+02, 2.88753998e+02,
    1.86732437e+02, 1.87945007e+02, 1.89837311e+02, 2.04225906e+02,
    1.92841675e+02, 2.19833923e+02, 1.95707336e+02, 2.34856644e+02,
    1.98507370e+02, 2.49591690e+02, 2.01036377e+02, 2.63768433e+02,
    2.03556503e+02, 2.77544861e+02, 2.05920242e+02, 2.90785339e+02,
    1.68891144e+02, 1.89937790e+02, 1.72349564e+02, 2.06225708e+02,
    1.75720688e+02, 2.21885941e+02, 1.78832916e+02, 2.36849991e+02,
    1.81886871e+02, 2.51644791e+02, 1.84782013e+02, 2.65824432e+02,
    1.87577011e+02, 2.79526154e+02, 1.90185516e+02, 2.92889130e+02,
    1.50826248e+02, 1.92016434e+02, 1.54712387e+02, 2.08269241e+02,
    1.58421356e+02, 2.23935684e+02, 1.61830399e+02, 2.39006821e+02,
    1.65172455e+02, 2.53718521e+02, 1.68411087e+02, 2.67949005e+02,
    1.71335098e+02, 2.81578033e+02, 1.74430786e+02, 2.94900635e+02,
    1.32963211e+02, 1.94078537e+02, 1.37086990e+02, 2.10252060e+02,
    1.41072037e+02, 2.25987183e+02, 1.44852554e+02, 2.41194794e+02,
    1.48547668e+02, 2.55782455e+02, 1.51928162e+02, 2.69925049e+02,
    1.55363083e+02, 2.83760468e+02, 1.58574036e+02, 2.96792511e+02,
    1.14907021e+02, 1.96141266e+02, 1.19447647e+02, 2.12378418e+02,
    1.23626564e+02, 2.28165329e+02, 1.27776070e+02, 2.43357056e+02,
    1.31676163e+02, 2.57977997e+02, 1.35572998e+02, 2.72154419e+02,
    1.39119598e+02, 2.85692047e+02, 1.42735809e+02, 2.98873749e+02,
    9.68221664e+01, 1.98258743e+02, 1.01702904e+02, 2.14598328e+02,
    1.06189270e+02, 2.30286621e+02, 1.10597275e+02, 2.45529800e+02,
    1.14834297e+02, 2.60145905e+02, 1.18921875e+02, 2.74225861e+02,
    1.22889069e+02, 2.87776123e+02, 1.26782303e+02, 3.00743713e+02,
    7.89717407e+01, 2.00368591e+02, 8.39373398e+01, 2.16760651e+02,
    8.87713013e+01, 2.32441711e+02, 9.35741882e+01, 2.47537720e+02,
    9.80633621e+01, 2.62115326e+02, 1.02507225e+02, 2.76232330e+02,
    1.06720970e+02, 2.89670013e+02, 1.10992233e+02, 3.02624603e+02,
    6.13047943e+01, 2.02413071e+02, 6.65648422e+01, 2.18720932e+02,
    7.17286606e+01, 2.34469193e+02, 7.67288055e+01, 2.49537262e+02,
    8.15783157e+01, 2.64073944e+02, 8.62567291e+01, 2.77946320e+02,
    9.08433304e+01, 2.91573669e+02, 9.53722763e+01, 3.04536224e+02,
    4.37106323e+01, 2.04653183e+02, 4.92415428e+01, 2.20772705e+02,
    5.46199112e+01, 2.36377563e+02, 5.99597397e+01, 2.51219025e+02,
    6.49907532e+01, 2.65806915e+02, 7.00865555e+01, 2.79810364e+02,
    7.50351181e+01, 2.93294037e+02, 7.96490402e+01, 3.06257446e+02 ]
