%YAML:1.0
---
points: [ 2.44734680e+02, 1.89602325e+02, 2.44270340e+02, 2.04349243e+02,
    2.43726852e+02, 2.18263657e+02, 2.43339905e+02, 2.31560654e+02,
    2.42842529e+02, 2.44294708e+02, 2.42455902e+02, 2.56714417e+02,
    2.41972366e+02, 2.68445953e+02, 2.41677704e+02, 2.80030518e+02,
    2.27123383e+02, 1.89635574e+02, 2.27105713e+02, 2.04388824e+02,
    2.27051300e+02, 2.18322815e+02, 2.26953674e+02, 2.31847565e+02,
    2.26926254e+02, 2.44678802e+02, 2.26865005e+02, 2.57140839e+02,
    2.26857071e+02, 2.69036835e+02, 2.26688873e+02, 2.80313477e+02,
    2.09281860e+02, 1.89645294e+02, 2.09676926e+02, 2.04488312e+02,
    2.10160950e+02, 2.18603058e+02, 2.10438232e+02, 2.32036835e+02,
    2.10776169e+02, 2.45081375e+02, 2.11152237e+02, 2.57594177e+02,
    2.11371613e+02, 2.69550446e+02, 2.11684296e+02, 2.80969940e+02,
    1.91328171e+02, 1.89637939e+02, 1.92184280e+02, 2.04623932e+02,
    1.93179352e+02, 2.18786987e+02, 1.93861877e+02, 2.32358536e+02,
    1.94514740e+02, 2.45586166e+02, 1.95289383e+02, 2.57966431e+02,
    1.95882736e+02, 2.70129608e+02, 1.96407425e+02, 2.81450500e+02,
    1.73107956e+02, 1.89637756e+02, 1.74474564e+02, 2.04721344e+02,
    1.75773331e+02, 2.18919479e+02, 1.77002289e+02, 2.32744019e+02,
    1.78098511e+02, 2.46025742e+02, 1.79170166e+02, 2.58517487e+02,
    1.80144455e+02, 2.70670441e+02, 1.81174164e+02, 2.82143066e+02,
    1.54836700e+02, 1.89658371e+02, 1.56684906e+02, 2.04883362e+02,
    1.58408020e+02, 2.19281174e+02, 1.59961746e+02, 2.33064697e+02,
    1.61549194e+02, 2.46586624e+02, 1.62893921e+02, 2.59035065e+02,
    1.64283401e+02, 2.71243469e+02, 1.65544296e+02, 2.82694702e+02,
    1.36266785e+02, 1.89734329e+02, 1.38632294e+02, 2.05127426e+02,
    1.40724594e+02, 2.19711685e+02, 1.42799744e+02, 2.33668243e+02,
    1.44661682e+02, 2.46947464e+02, 1.46546478e+02, 2.59629974e+02,
    1.48304367e+02, 2.71799744e+02, 1.49975784e+02, 2.83224762e+02,
    1.17501312e+02, 1.89814957e+02, 1.20195915e+02, 2.05446625e+02,
    1.22830963e+02, 2.19989487e+02, 1.25285332e+02, 2.34059601e+02,
    1.27683929e+02, 2.47609970e+02, 1.29800491e+02, 2.60150848e+02,
    1.32026016e+02, 2.72304199e+02, 1.34058899e+02, 2.83733521e+02,
    9.86011124e+01, 1.89957977e+02, 1.01850807e+02, 2.05666672e+02,
    1.04831848e+02, 2.20553543e+02, 1.07790253e+02, 2.34612854e+02,
    1.10579300e+02, 2.48022018e+02, 1.13192001e+02, 2.60760651e+02,
    1.15811890e+02, 2.72914978e+02, 1.18164375e+02, 2.84267303e+02,
    7.98094254e+01, 1.90227783e+02, 8.34110413e+01, 2.05746979e+02,
    8.69987946e+01, 2.20718018e+02, 9.01955719e+01, 2.34715149e+02,
    9.35067139e+01, 2.48332489e+02, 9.65656967e+01, 2.61022156e+02,
    9.94953461e+01, 2.73243835e+02, 1.02338242e+02, 2.84763367e+02,
    6.08558350e+01, 1.90369843e+02, 6.48700485e+01, 2.05882751e+02,
    6.88117065e+01, 2.20783722e+02, 7.26155396e+01, 2.34986404e+02,
    7.61924057e+01, 2.48463333e+02, 7.97555618e+01, 2.61096588e+02,
    8.30245819e+01, 2.73434845e+02, 8.62372894e+01, 2.85056793e+02 ]
