%YAML:1.0
---
points: [ 2.32239517e+02, 1.76346695e+02, 2.33645187e+02, 1.91834946e+02,
    2.34956848e+02, 2.06772186e+02, 2.36313553e+02, 2.21498337e+02,
    2.37581131e+02, 2.35722305e+02, 2.38809616e+02, 2.49664001e+02,
    2.40043671e+02, 2.63260345e+02, 2.41252197e+02, 2.76542145e+02,
    2.15968094e+02, 1.78147888e+02, 2.17621735e+02, 1.93663879e+02,
    2.19205017e+02, 2.08702072e+02, 2.20710907e+02, 2.23387772e+02,
    2.22239395e+02, 2.37778076e+02, 2.23690170e+02, 2.51751770e+02,
    2.25121506e+02, 2.65468536e+02, 2.26468643e+02, 2.78756165e+02,
    1.99345093e+02, 1.79939377e+02, 2.01332840e+02, 1.95508011e+02,
    2.03159103e+02, 2.10643417e+02, 2.05016068e+02, 2.25405365e+02,
    2.06749466e+02, 2.39873505e+02, 2.08383774e+02, 2.53884903e+02,
    2.10081924e+02, 2.67751251e+02, 2.11653595e+02, 2.81040985e+02,
    1.82745071e+02, 1.81723846e+02, 1.84879807e+02, 1.97351379e+02,
    1.87063171e+02, 2.12729736e+02, 1.89035110e+02, 2.27499146e+02,
    1.91094833e+02, 2.42020752e+02, 1.92936432e+02, 2.56093109e+02,
    1.94821182e+02, 2.70004150e+02, 1.96582031e+02, 2.83335480e+02,
    1.65742920e+02, 1.83557434e+02, 1.68219910e+02, 1.99297348e+02,
    1.70610550e+02, 2.14698715e+02, 1.72921524e+02, 2.29638901e+02,
    1.74997925e+02, 2.44277115e+02, 1.77185883e+02, 2.58485260e+02,
    1.79280182e+02, 2.72380341e+02, 1.81289139e+02, 2.85777985e+02,
    1.48602859e+02, 1.85371902e+02, 1.51250214e+02, 2.01365814e+02,
    1.53900955e+02, 2.16782272e+02, 1.56542618e+02, 2.31784775e+02,
    1.58961807e+02, 2.46577515e+02, 1.61359039e+02, 2.60827789e+02,
    1.63668839e+02, 2.74721222e+02, 1.65894241e+02, 2.88115540e+02,
    1.31074615e+02, 1.87332855e+02, 1.34142029e+02, 2.03320129e+02,
    1.37051926e+02, 2.18991394e+02, 1.39818359e+02, 2.34100403e+02,
    1.42639481e+02, 2.48876923e+02, 1.45197540e+02, 2.63178589e+02,
    1.47747147e+02, 2.77132263e+02, 1.50126785e+02, 2.90575897e+02,
    1.13377617e+02, 1.89340622e+02, 1.16660103e+02, 2.05446915e+02,
    1.19835434e+02, 2.21163147e+02, 1.22878044e+02, 2.36266281e+02,
    1.25825897e+02, 2.51273407e+02, 1.28737152e+02, 2.65486176e+02,
    1.31524734e+02, 2.79461945e+02, 1.34316391e+02, 2.93076019e+02,
    9.55245819e+01, 1.91333282e+02, 9.91113281e+01, 2.07457413e+02,
    1.02557182e+02, 2.23350555e+02, 1.05785545e+02, 2.38523758e+02,
    1.09034920e+02, 2.53475266e+02, 1.12204132e+02, 2.67824799e+02,
    1.15261017e+02, 2.81892883e+02, 1.18303795e+02, 2.95327850e+02,
    7.77278137e+01, 1.93307220e+02, 8.14361954e+01, 2.09555862e+02,
    8.51343536e+01, 2.25357880e+02, 8.86879120e+01, 2.40777496e+02,
    9.21857452e+01, 2.55594894e+02, 9.56100006e+01, 2.70149475e+02,
    9.89399490e+01, 2.84254791e+02, 1.02235870e+02, 2.97789459e+02,
    5.96035538e+01, 1.95429871e+02, 6.35844307e+01, 2.11667633e+02,
    6.74532623e+01, 2.27508926e+02, 7.13292847e+01, 2.42950439e+02,
    7.51475372e+01, 2.57887207e+02, 7.87730942e+01, 2.72304718e+02,
    8.24133453e+01, 2.86343414e+02, 8.59566193e+01, 3.00001801e+02 ]
