%YAML:1.0
---
points: [ 2.31651474e+02, 1.73714706e+02, 2.33701035e+02, 1.89089020e+02,
    2.35714798e+02, 2.04085190e+02, 2.37706177e+02, 2.18900986e+02,
    2.39648788e+02, 2.33502029e+02, 2.41552383e+02, 2.47777176e+02,
    2.43417587e+02, 2.61888153e+02, 2.45336517e+02, 2.75875671e+02,
    2.15865372e+02, 1.75922928e+02, 2.18102631e+02, 1.91381546e+02,
    2.20374557e+02, 2.06535645e+02, 2.22489166e+02, 2.21370438e+02,
    2.24628204e+02, 2.36015686e+02, 2.26738907e+02, 2.50448456e+02,
    2.28706482e+02, 2.64747040e+02, 2.30753952e+02, 2.78689789e+02,
    1.99878983e+02, 1.78251770e+02, 2.02414963e+02, 1.93781937e+02,
    2.04796890e+02, 2.08996277e+02, 2.07157776e+02, 2.24055527e+02,
    2.09349106e+02, 2.38640671e+02, 2.11700348e+02, 2.53267532e+02,
    2.13874634e+02, 2.67638916e+02, 2.15984726e+02, 2.81667847e+02,
    1.83911209e+02, 1.80607117e+02, 1.86507782e+02, 1.96184052e+02,
    1.89024200e+02, 2.11523056e+02, 1.91565994e+02, 2.26598129e+02,
    1.94035751e+02, 2.41497833e+02, 1.96427856e+02, 2.55970505e+02,
    1.98720261e+02, 2.70413696e+02, 2.00965912e+02, 2.84558014e+02,
    1.67400650e+02, 1.83059372e+02, 1.70266541e+02, 1.98776245e+02,
    1.72947220e+02, 2.14220215e+02, 1.75673050e+02, 2.29333817e+02,
    1.78293060e+02, 2.44263412e+02, 1.80876465e+02, 2.58910583e+02,
    1.83308212e+02, 2.73339508e+02, 1.85774719e+02, 2.87559509e+02,
    1.50851349e+02, 1.85340591e+02, 1.53806641e+02, 2.01282227e+02,
    1.56703110e+02, 2.16840302e+02, 1.59647766e+02, 2.32135208e+02,
    1.62410141e+02, 2.47126526e+02, 1.65091003e+02, 2.61830994e+02,
    1.67791611e+02, 2.76405121e+02, 1.70356659e+02, 2.90566895e+02,
    1.33857162e+02, 1.87863541e+02, 1.37135849e+02, 2.03790848e+02,
    1.40177689e+02, 2.19515564e+02, 1.43224899e+02, 2.35022598e+02,
    1.46200531e+02, 2.50041351e+02, 1.49126953e+02, 2.64859497e+02,
    1.51933670e+02, 2.79460358e+02, 1.54724258e+02, 2.93647766e+02,
    1.16755219e+02, 1.90346283e+02, 1.20034325e+02, 2.06458984e+02,
    1.23318993e+02, 2.22236328e+02, 1.26584259e+02, 2.37751923e+02,
    1.29707245e+02, 2.53072815e+02, 1.32795914e+02, 2.67913330e+02,
    1.35776184e+02, 2.82569580e+02, 1.38733047e+02, 2.96796600e+02,
    9.94062729e+01, 1.93012772e+02, 1.02835991e+02, 2.09161530e+02,
    1.06351974e+02, 2.25093933e+02, 1.09734978e+02, 2.40483353e+02,
    1.13087616e+02, 2.55963043e+02, 1.16280373e+02, 2.71000641e+02,
    1.19576393e+02, 2.85654816e+02, 1.22698883e+02, 2.99924500e+02,
    8.19966583e+01, 1.95529633e+02, 8.56260834e+01, 2.11858978e+02,
    8.92101822e+01, 2.27808334e+02, 9.27622299e+01, 2.43308350e+02,
    9.63198929e+01, 2.58824188e+02, 9.98312759e+01, 2.73859131e+02,
    1.03222168e+02, 2.88576385e+02, 1.06642952e+02, 3.02872345e+02,
    6.41886978e+01, 1.98206406e+02, 6.80705795e+01, 2.14512543e+02,
    7.19263916e+01, 2.30615372e+02, 7.56361694e+01, 2.46168518e+02,
    7.92972794e+01, 2.61669250e+02, 8.30858307e+01, 2.76701294e+02,
    8.66582184e+01, 2.91482880e+02, 9.01984940e+01, 3.05861908e+02 ]
