%YAML:1.0
---
points: [ 1.88735779e+02, 1.90188248e+02, 1.90179001e+02, 2.03635468e+02,
    1.91562744e+02, 2.16840347e+02, 1.92883545e+02, 2.30016098e+02,
    1.94148590e+02, 2.42421677e+02, 1.95407028e+02, 2.55027969e+02,
    1.96620850e+02, 2.67232574e+02, 1.97839859e+02, 2.79185913e+02,
    1.74141815e+02, 1.91339447e+02, 1.75723953e+02, 2.04951141e+02,
    1.77266739e+02, 2.18277786e+02, 1.78807541e+02, 2.31199631e+02,
    1.80325668e+02, 2.44088821e+02, 1.81711578e+02, 2.56502930e+02,
    1.83123199e+02, 2.68759216e+02, 1.84446365e+02, 2.80921143e+02,
    1.59279251e+02, 1.92577072e+02, 1.61129410e+02, 2.06281967e+02,
    1.62905533e+02, 2.19521225e+02, 1.64621796e+02, 2.32726028e+02,
    1.66245880e+02, 2.45532623e+02, 1.67906754e+02, 2.58160767e+02,
    1.69399567e+02, 2.70492493e+02, 1.70889236e+02, 2.82436493e+02,
    1.44391373e+02, 1.93704300e+02, 1.46334503e+02, 2.07527985e+02,
    1.48349380e+02, 2.21049255e+02, 1.50239487e+02, 2.34071136e+02,
    1.52082932e+02, 2.47145401e+02, 1.53820770e+02, 2.59640961e+02,
    1.55540710e+02, 2.71991608e+02, 1.57165375e+02, 2.84235291e+02,
    1.29176163e+02, 1.95042313e+02, 1.31434433e+02, 2.08838669e+02,
    1.33593781e+02, 2.22371674e+02, 1.35692673e+02, 2.35519501e+02,
    1.37637390e+02, 2.48651291e+02, 1.39612671e+02, 2.61466400e+02,
    1.41473572e+02, 2.73791962e+02, 1.43345779e+02, 2.86023743e+02,
    1.14012794e+02, 1.96297256e+02, 1.16441315e+02, 2.10192215e+02,
    1.18732300e+02, 2.23820557e+02, 1.20976730e+02, 2.37118790e+02,
    1.23145470e+02, 2.50217651e+02, 1.25296211e+02, 2.62859802e+02,
    1.27416306e+02, 2.75367065e+02, 1.29440186e+02, 2.87608673e+02,
    9.86873627e+01, 1.97636703e+02, 1.01229927e+02, 2.11616516e+02,
    1.03659203e+02, 2.25371887e+02, 1.06122643e+02, 2.38648514e+02,
    1.08529213e+02, 2.51839493e+02, 1.10804550e+02, 2.64605255e+02,
    1.13084312e+02, 2.77130646e+02, 1.15256729e+02, 2.89185822e+02,
    8.31044846e+01, 1.98963303e+02, 8.58278427e+01, 2.13053329e+02,
    8.84873428e+01, 2.26709518e+02, 9.11172867e+01, 2.40316254e+02,
    9.36672745e+01, 2.53334503e+02, 9.61593704e+01, 2.66243835e+02,
    9.86500473e+01, 2.78755615e+02, 1.01130844e+02, 2.90924042e+02,
    6.75499344e+01, 2.00270050e+02, 7.05414963e+01, 2.14373764e+02,
    7.33002777e+01, 2.28379730e+02, 7.61043243e+01, 2.41742447e+02,
    7.88057861e+01, 2.54916718e+02, 8.15332108e+01, 2.67847046e+02,
    8.42068481e+01, 2.80399719e+02, 8.68292923e+01, 2.92493378e+02,
    5.22077713e+01, 2.01620224e+02, 5.52295113e+01, 2.15811508e+02,
    5.81786919e+01, 2.29648987e+02, 6.10711441e+01, 2.43240540e+02,
    6.41246033e+01, 2.56534912e+02, 6.70525665e+01, 2.69425629e+02,
    6.98705368e+01, 2.81811127e+02, 7.27493820e+01, 2.94042694e+02,
    3.66232719e+01, 2.02992783e+02, 3.97826347e+01, 2.17215530e+02,
    4.30673828e+01, 2.31127487e+02, 4.61066589e+01, 2.44649033e+02,
    4.92866516e+01, 2.57868683e+02, 5.24116669e+01, 2.70701202e+02,
    5.54081841e+01, 2.83340546e+02, 5.83863907e+01, 2.95327423e+02 ]
