%YAML:1.0
---
points: [ 2.21130234e+02, 1.87876160e+02, 2.21735138e+02, 2.01856216e+02,
    2.22369720e+02, 2.15589432e+02, 2.22957367e+02, 2.28752686e+02,
    2.23577408e+02, 2.41873932e+02, 2.24202377e+02, 2.54774918e+02,
    2.24757706e+02, 2.67410858e+02, 2.25388382e+02, 2.79783417e+02,
    2.06272507e+02, 1.89128433e+02, 2.07192841e+02, 2.03010239e+02,
    2.07981674e+02, 2.16667694e+02, 2.08757874e+02, 2.30129471e+02,
    2.09561035e+02, 2.43355515e+02, 2.10297852e+02, 2.56197784e+02,
    2.11062775e+02, 2.69033600e+02, 2.11753433e+02, 2.81364471e+02,
    1.91150070e+02, 1.90054260e+02, 1.92285950e+02, 2.04233215e+02,
    1.93290421e+02, 2.18101868e+02, 1.94293091e+02, 2.31606674e+02,
    1.95269333e+02, 2.44795685e+02, 1.96179108e+02, 2.57943451e+02,
    1.97079376e+02, 2.70619202e+02, 1.97991760e+02, 2.83103943e+02,
    1.75887360e+02, 1.91194061e+02, 1.77133179e+02, 2.05363358e+02,
    1.78380722e+02, 2.19302185e+02, 1.79601990e+02, 2.32962402e+02,
    1.80711288e+02, 2.46394684e+02, 1.81876266e+02, 2.59574219e+02,
    1.83041916e+02, 2.72371796e+02, 1.83984497e+02, 2.84966095e+02,
    1.60266083e+02, 1.92186951e+02, 1.61814865e+02, 2.06726196e+02,
    1.63225998e+02, 2.20767868e+02, 1.64662231e+02, 2.34540314e+02,
    1.65964645e+02, 2.48059769e+02, 1.67343231e+02, 2.61201996e+02,
    1.68472244e+02, 2.74188324e+02, 1.69732635e+02, 2.86806030e+02,
    1.44472977e+02, 1.93353195e+02, 1.46154816e+02, 2.07879730e+02,
    1.47816910e+02, 2.22167633e+02, 1.49424850e+02, 2.36025009e+02,
    1.50987366e+02, 2.49595200e+02, 1.52548447e+02, 2.63030243e+02,
    1.53897980e+02, 2.76007080e+02, 1.55295319e+02, 2.88554962e+02,
    1.28323135e+02, 1.94625305e+02, 1.30297134e+02, 2.09231018e+02,
    1.32071518e+02, 2.23637421e+02, 1.33904022e+02, 2.37553482e+02,
    1.35670181e+02, 2.51403931e+02, 1.37365341e+02, 2.64649323e+02,
    1.38977951e+02, 2.77788055e+02, 1.40521729e+02, 2.90560394e+02,
    1.11926842e+02, 1.95713211e+02, 1.14083168e+02, 2.10615219e+02,
    1.16104652e+02, 2.25117752e+02, 1.18093887e+02, 2.39193497e+02,
    1.20073578e+02, 2.52989838e+02, 1.21946213e+02, 2.66533386e+02,
    1.23827637e+02, 2.79433136e+02, 1.25666138e+02, 2.92308258e+02,
    9.53314667e+01, 1.96948029e+02, 9.76804810e+01, 2.11909393e+02,
    9.98958359e+01, 2.26584076e+02, 1.02144012e+02, 2.40737518e+02,
    1.04371284e+02, 2.54769958e+02, 1.06445618e+02, 2.68114380e+02,
    1.08533424e+02, 2.81425018e+02, 1.10536331e+02, 2.94088074e+02,
    7.86949844e+01, 1.98243759e+02, 8.11492615e+01, 2.13325027e+02,
    8.36771622e+01, 2.27974060e+02, 8.60843735e+01, 2.42315155e+02,
    8.84538727e+01, 2.56242279e+02, 9.08451233e+01, 2.69857574e+02,
    9.31228180e+01, 2.83157806e+02, 9.53783188e+01, 2.95906067e+02,
    6.16468468e+01, 1.99570648e+02, 6.44067535e+01, 2.14632095e+02,
    6.71020584e+01, 2.29437790e+02, 6.96862411e+01, 2.43809616e+02,
    7.24188995e+01, 2.57743500e+02, 7.49151459e+01, 2.71393738e+02,
    7.74663239e+01, 2.84716858e+02, 7.99712677e+01, 2.97649872e+02 ]
