%YAML:1.0
---
points: [ 2.63799988e+02, 1.91577759e+02, 2.64284973e+02, 2.06154205e+02,
    2.64615784e+02, 2.20033264e+02, 2.64959717e+02, 2.33565033e+02,
    2.65422424e+02, 2.46751389e+02, 2.65826630e+02, 2.59715393e+02,
    2.66261322e+02, 2.72330872e+02, 2.66696320e+02, 2.84737183e+02,
    2.48569138e+02, 1.93230515e+02, 2.49223145e+02, 2.07743958e+02,
    2.49805130e+02, 2.21771835e+02, 2.50437561e+02, 2.35420654e+02,
    2.51023483e+02, 2.48713593e+02, 2.51670685e+02, 2.61711639e+02,
    2.52321045e+02, 2.74419769e+02, 2.52845581e+02, 2.86801056e+02,
    2.33059998e+02, 1.94891617e+02, 2.33974899e+02, 2.09343979e+02,
    2.34802872e+02, 2.23574982e+02, 2.35657913e+02, 2.37341400e+02,
    2.36554810e+02, 2.50679184e+02, 2.37415115e+02, 2.63744415e+02,
    2.38158646e+02, 2.76569855e+02, 2.38916656e+02, 2.89011597e+02,
    2.17365387e+02, 1.96457245e+02, 2.18496384e+02, 2.11062195e+02,
    2.19663788e+02, 2.25336884e+02, 2.20706940e+02, 2.39190094e+02,
    2.21818314e+02, 2.52681213e+02, 2.22883942e+02, 2.65836334e+02,
    2.23868347e+02, 2.78686249e+02, 2.24851410e+02, 2.91246826e+02,
    2.01286484e+02, 1.98127121e+02, 2.02810760e+02, 2.12924713e+02,
    2.04184311e+02, 2.27182465e+02, 2.05529922e+02, 2.41172516e+02,
    2.06783646e+02, 2.54786438e+02, 2.08136444e+02, 2.68089355e+02,
    2.09251404e+02, 2.80954132e+02, 2.10493698e+02, 2.93548279e+02,
    1.85167557e+02, 1.99764771e+02, 1.86842743e+02, 2.14731094e+02,
    1.88488922e+02, 2.29174347e+02, 1.90120621e+02, 2.43263489e+02,
    1.91617920e+02, 2.56956818e+02, 1.93048538e+02, 2.70303741e+02,
    1.94508682e+02, 2.83234436e+02, 1.95871689e+02, 2.95815247e+02,
    1.68562943e+02, 2.01544235e+02, 1.70627151e+02, 2.16639954e+02,
    1.72540085e+02, 2.31190735e+02, 1.74373596e+02, 2.45348206e+02,
    1.76087219e+02, 2.59164642e+02, 1.77795837e+02, 2.72611786e+02,
    1.79436523e+02, 2.85591217e+02, 1.81070068e+02, 2.98196716e+02,
    1.51758026e+02, 2.03364609e+02, 1.53958801e+02, 2.18563873e+02,
    1.56190506e+02, 2.33266708e+02, 1.58207748e+02, 2.47480225e+02,
    1.60274765e+02, 2.61402100e+02, 1.62177612e+02, 2.74917206e+02,
    1.64095535e+02, 2.88030762e+02, 1.65894089e+02, 3.00644104e+02,
    1.34554352e+02, 2.05237350e+02, 1.37168884e+02, 2.20556412e+02,
    1.39547455e+02, 2.35298218e+02, 1.41891266e+02, 2.49709549e+02,
    1.44180252e+02, 2.63684052e+02, 1.46423050e+02, 2.77270905e+02,
    1.48604279e+02, 2.90377625e+02, 1.50651917e+02, 3.03106079e+02,
    1.17377846e+02, 2.07111542e+02, 1.20041206e+02, 2.22337326e+02,
    1.22827911e+02, 2.37375381e+02, 1.25395126e+02, 2.51864365e+02,
    1.28031418e+02, 2.65916962e+02, 1.30463730e+02, 2.79354248e+02,
    1.32841187e+02, 2.92604736e+02, 1.35176910e+02, 3.05220154e+02,
    9.94668884e+01, 2.08908249e+02, 1.02594711e+02, 2.24349640e+02,
    1.05660149e+02, 2.39388077e+02, 1.08509117e+02, 2.53943024e+02,
    1.11327515e+02, 2.67950409e+02, 1.14209564e+02, 2.81706360e+02,
    1.16761406e+02, 2.94873260e+02, 1.19427948e+02, 3.07690338e+02 ]
