%YAML:1.0
---
points: [ 3.38189392e+02, 1.93583130e+02, 3.37698822e+02, 2.08048615e+02,
    3.37344025e+02, 2.22138138e+02, 3.36976746e+02, 2.36045319e+02,
    3.36693573e+02, 2.49649857e+02, 3.36503265e+02, 2.63193329e+02,
    3.36376678e+02, 2.76359009e+02, 3.36158295e+02, 2.89356812e+02,
    3.23570404e+02, 1.94700714e+02, 3.23319305e+02, 2.09200928e+02,
    3.23134674e+02, 2.23532059e+02, 3.22995209e+02, 2.37362289e+02,
    3.22824249e+02, 2.51213959e+02, 3.22739838e+02, 2.64774689e+02,
    3.22727692e+02, 2.78052338e+02, 3.22678925e+02, 2.91128540e+02,
    3.08863464e+02, 1.95994766e+02, 3.08760712e+02, 2.10603409e+02,
    3.08707367e+02, 2.24823105e+02, 3.08719055e+02, 2.38864227e+02,
    3.08768219e+02, 2.52687820e+02, 3.08893219e+02, 2.66365356e+02,
    3.08940552e+02, 2.79609558e+02, 3.09071472e+02, 2.92791779e+02,
    2.93979614e+02, 1.97161591e+02, 2.94192078e+02, 2.11959564e+02,
    2.94333282e+02, 2.26289490e+02, 2.94440308e+02, 2.40278320e+02,
    2.94648132e+02, 2.54316040e+02, 2.94848389e+02, 2.67981445e+02,
    2.95074921e+02, 2.81421936e+02, 2.95326050e+02, 2.94562714e+02,
    2.78929108e+02, 1.98516647e+02, 2.79291229e+02, 2.13308792e+02,
    2.79628265e+02, 2.27775696e+02, 2.79921173e+02, 2.41955978e+02,
    2.80353485e+02, 2.55979385e+02, 2.80723663e+02, 2.69723663e+02,
    2.81006989e+02, 2.83186401e+02, 2.81441956e+02, 2.96395538e+02,
    2.63789276e+02, 1.99719589e+02, 2.64276459e+02, 2.14623718e+02,
    2.64827148e+02, 2.29254288e+02, 2.65378906e+02, 2.43574722e+02,
    2.65807556e+02, 2.57647095e+02, 2.66356842e+02, 2.71481232e+02,
    2.66847198e+02, 2.84894226e+02, 2.67377167e+02, 2.98286346e+02,
    2.48437027e+02, 2.01004684e+02, 2.49173370e+02, 2.16118073e+02,
    2.49810532e+02, 2.30724014e+02, 2.50564148e+02, 2.45247055e+02,
    2.51213501e+02, 2.59399445e+02, 2.51795135e+02, 2.73271912e+02,
    2.52443115e+02, 2.86747437e+02, 2.52891251e+02, 3.00235748e+02,
    2.32817780e+02, 2.02464523e+02, 2.33755295e+02, 2.17591690e+02,
    2.34611740e+02, 2.32268951e+02, 2.35386063e+02, 2.46830093e+02,
    2.36265106e+02, 2.61152435e+02, 2.36996887e+02, 2.75101135e+02,
    2.37746643e+02, 2.88611115e+02, 2.38495956e+02, 3.02100555e+02,
    2.17001480e+02, 2.03728653e+02, 2.18133316e+02, 2.19021301e+02,
    2.19144791e+02, 2.33919922e+02, 2.20176117e+02, 2.48456741e+02,
    2.21096237e+02, 2.62899292e+02, 2.22019440e+02, 2.76892731e+02,
    2.22859390e+02, 2.90609253e+02, 2.23684296e+02, 3.03970184e+02,
    2.01093185e+02, 2.05114288e+02, 2.02226166e+02, 2.20501556e+02,
    2.03427902e+02, 2.35561264e+02, 2.04595505e+02, 2.50065903e+02,
    2.05701828e+02, 2.64567810e+02, 2.06826599e+02, 2.78599487e+02,
    2.07861389e+02, 2.92667175e+02, 2.08894577e+02, 3.05853851e+02,
    1.84426071e+02, 2.06589218e+02, 1.85971008e+02, 2.22061218e+02,
    1.87325073e+02, 2.37042511e+02, 1.88606308e+02, 2.51901840e+02,
    1.89930359e+02, 2.66319031e+02, 1.91196167e+02, 2.80493805e+02,
    1.92403534e+02, 2.94416107e+02, 1.93599579e+02, 3.08060303e+02 ]
