%YAML:1.0
---
points: [ 3.72522736e+02, 1.92643906e+02, 3.72252716e+02, 2.06555817e+02,
    3.71749023e+02, 2.20258408e+02, 3.71390656e+02, 2.33570908e+02,
    3.71014740e+02, 2.46695160e+02, 3.70709717e+02, 2.59865387e+02,
    3.70531219e+02, 2.72613281e+02, 3.70228119e+02, 2.85375916e+02,
    3.58201508e+02, 1.93665421e+02, 3.57968597e+02, 2.07606491e+02,
    3.57609375e+02, 2.21151169e+02, 3.57405884e+02, 2.34634644e+02,
    3.57337738e+02, 2.47811600e+02, 3.57124146e+02, 2.60717072e+02,
    3.57053009e+02, 2.73580963e+02, 3.56853210e+02, 2.86342194e+02,
    3.43725830e+02, 1.94600037e+02, 3.43702545e+02, 2.08461609e+02,
    3.43476990e+02, 2.22162186e+02, 3.43424683e+02, 2.35528015e+02,
    3.43432098e+02, 2.48851883e+02, 3.43395081e+02, 2.61952087e+02,
    3.43468018e+02, 2.74763641e+02, 3.43499451e+02, 2.87448029e+02,
    3.29394592e+02, 1.95606415e+02, 3.29366821e+02, 2.09413086e+02,
    3.29395447e+02, 2.23124069e+02, 3.29516693e+02, 2.36640060e+02,
    3.29681580e+02, 2.49833588e+02, 3.29743134e+02, 2.62890472e+02,
    3.29909668e+02, 2.75837616e+02, 3.30060028e+02, 2.88562164e+02,
    3.14883240e+02, 1.96586411e+02, 3.15155609e+02, 2.10478348e+02,
    3.15301910e+02, 2.24232910e+02, 3.15536987e+02, 2.37639374e+02,
    3.15769714e+02, 2.50856827e+02, 3.16030426e+02, 2.63986115e+02,
    3.16326324e+02, 2.76897095e+02, 3.16595123e+02, 2.89455811e+02,
    3.00570465e+02, 1.97473343e+02, 3.00867950e+02, 2.11513336e+02,
    3.01272797e+02, 2.25173080e+02, 3.01588348e+02, 2.38572571e+02,
    3.01947906e+02, 2.52076996e+02, 3.02330383e+02, 2.64967224e+02,
    3.02712585e+02, 2.77837067e+02, 3.03021606e+02, 2.90558014e+02,
    2.86128052e+02, 1.98581741e+02, 2.86672058e+02, 2.12511887e+02,
    2.87077393e+02, 2.26224213e+02, 2.87619781e+02, 2.39776489e+02,
    2.88069000e+02, 2.53101364e+02, 2.88585327e+02, 2.66182037e+02,
    2.88928925e+02, 2.78941711e+02, 2.89516113e+02, 2.91570374e+02,
    2.71666962e+02, 1.99434418e+02, 2.72284821e+02, 2.13655884e+02,
    2.72874817e+02, 2.27244202e+02, 2.73526337e+02, 2.40806030e+02,
    2.74002106e+02, 2.54136566e+02, 2.74665741e+02, 2.67221771e+02,
    2.75160675e+02, 2.80194733e+02, 2.75785370e+02, 2.92814423e+02,
    2.57118866e+02, 2.00522171e+02, 2.57827576e+02, 2.14591003e+02,
    2.58618713e+02, 2.28304001e+02, 2.59358124e+02, 2.41884796e+02,
    2.60097473e+02, 2.55339706e+02, 2.60746857e+02, 2.68297546e+02,
    2.61470551e+02, 2.81258820e+02, 2.62058044e+02, 2.93844360e+02,
    2.42634277e+02, 2.01414810e+02, 2.43492752e+02, 2.15644592e+02,
    2.44429199e+02, 2.29355072e+02, 2.45172028e+02, 2.42913208e+02,
    2.45948822e+02, 2.56270111e+02, 2.46841888e+02, 2.69416870e+02,
    2.47673630e+02, 2.82249817e+02, 2.48440231e+02, 2.94901611e+02,
    2.27761978e+02, 2.02479080e+02, 2.28772339e+02, 2.16640182e+02,
    2.29847412e+02, 2.30304062e+02, 2.30815125e+02, 2.43904984e+02,
    2.31800629e+02, 2.57381958e+02, 2.32722626e+02, 2.70300415e+02,
    2.33645401e+02, 2.83340576e+02, 2.34579147e+02, 2.96057251e+02 ]
