%YAML:1.0
---
points: [ 3.73126160e+02, 1.95557510e+02, 3.72799500e+02, 2.08160110e+02,
    3.72511810e+02, 2.20481430e+02, 3.72418518e+02, 2.32362350e+02,
    3.72255981e+02, 2.44381714e+02, 3.72077576e+02, 2.56171204e+02,
    3.71963593e+02, 2.67603729e+02, 3.71848724e+02, 2.78923340e+02,
    3.59882904e+02, 1.96631119e+02, 3.59724792e+02, 2.09155212e+02,
    3.59627136e+02, 2.21411621e+02, 3.59527069e+02, 2.33489670e+02,
    3.59520233e+02, 2.45489700e+02, 3.59544281e+02, 2.57073090e+02,
    3.59571167e+02, 2.68773651e+02, 3.59635925e+02, 2.80065552e+02,
    3.46512573e+02, 1.97772034e+02, 3.46603149e+02, 2.10275787e+02,
    3.46663208e+02, 2.22626205e+02, 3.46761993e+02, 2.34690414e+02,
    3.46861694e+02, 2.46572327e+02, 3.47095734e+02, 2.58193634e+02,
    3.47217194e+02, 2.69795807e+02, 3.47309052e+02, 2.81215240e+02,
    3.33392456e+02, 1.98783081e+02, 3.33551147e+02, 2.11306931e+02,
    3.33750824e+02, 2.23652313e+02, 3.34018219e+02, 2.35662918e+02,
    3.34295593e+02, 2.47576553e+02, 3.34483643e+02, 2.59343109e+02,
    3.34762085e+02, 2.70850159e+02, 3.35004364e+02, 2.82334381e+02,
    3.20140381e+02, 2.00021408e+02, 3.20494598e+02, 2.12508362e+02,
    3.20830597e+02, 2.24689102e+02, 3.21245178e+02, 2.36821213e+02,
    3.21614410e+02, 2.48781876e+02, 3.21953583e+02, 2.60581177e+02,
    3.22332489e+02, 2.71905457e+02, 3.22728333e+02, 2.83372620e+02,
    3.07037537e+02, 2.01031693e+02, 3.07544922e+02, 2.13709122e+02,
    3.07960907e+02, 2.26001816e+02, 3.08496704e+02, 2.38067535e+02,
    3.08975403e+02, 2.50003067e+02, 3.09486847e+02, 2.61600769e+02,
    3.09879364e+02, 2.73166473e+02, 3.10508240e+02, 2.84372467e+02,
    2.93808746e+02, 2.02296768e+02, 2.94521759e+02, 2.14715576e+02,
    2.95133240e+02, 2.26996536e+02, 2.95737854e+02, 2.39158325e+02,
    2.96364563e+02, 2.51122131e+02, 2.96935211e+02, 2.62727448e+02,
    2.97569794e+02, 2.74337158e+02, 2.98057465e+02, 2.85410553e+02,
    2.80691101e+02, 2.03319031e+02, 2.81481384e+02, 2.15971970e+02,
    2.82184998e+02, 2.28200821e+02, 2.82896942e+02, 2.40282181e+02,
    2.83682434e+02, 2.52183548e+02, 2.84351013e+02, 2.64002533e+02,
    2.84984222e+02, 2.75289825e+02, 2.85636230e+02, 2.86684265e+02,
    2.67600433e+02, 2.04609955e+02, 2.68491241e+02, 2.17015076e+02,
    2.69352814e+02, 2.29419281e+02, 2.70138763e+02, 2.41572708e+02,
    2.70966644e+02, 2.53469315e+02, 2.71787415e+02, 2.65035065e+02,
    2.72556427e+02, 2.76416870e+02, 2.73303741e+02, 2.87776215e+02,
    2.54539413e+02, 2.05647018e+02, 2.55386185e+02, 2.18194305e+02,
    2.56433777e+02, 2.30377167e+02, 2.57340088e+02, 2.42546127e+02,
    2.58310883e+02, 2.54496033e+02, 2.59203033e+02, 2.66066162e+02,
    2.60092560e+02, 2.77713348e+02, 2.60959808e+02, 2.88737885e+02,
    2.41117264e+02, 2.06747208e+02, 2.42245300e+02, 2.19338959e+02,
    2.43376190e+02, 2.31653870e+02, 2.44502701e+02, 2.43693146e+02,
    2.45462891e+02, 2.55568085e+02, 2.46523087e+02, 2.67268402e+02,
    2.47443054e+02, 2.78641113e+02, 2.48488724e+02, 2.89993317e+02 ]
