%YAML:1.0
---
points: [ 3.17462982e+02, 1.92120483e+02, 3.19886993e+02, 2.03895782e+02,
    3.22166595e+02, 2.15373230e+02, 3.24441528e+02, 2.26787415e+02,
    3.26688416e+02, 2.37934845e+02, 3.28977509e+02, 2.49043335e+02,
    3.31169220e+02, 2.59839600e+02, 3.33374146e+02, 2.70580139e+02,
    3.04921387e+02, 1.95012100e+02, 3.07368103e+02, 2.06755478e+02,
    3.09798645e+02, 2.18181351e+02, 3.12200409e+02, 2.29443802e+02,
    3.14603851e+02, 2.40555298e+02, 3.16944489e+02, 2.51604752e+02,
    3.19268707e+02, 2.62456024e+02, 3.21593719e+02, 2.73041077e+02,
    2.92383179e+02, 1.97904709e+02, 2.95008423e+02, 2.09563629e+02,
    2.97515869e+02, 2.20935577e+02, 3.00057281e+02, 2.32215805e+02,
    3.02554474e+02, 2.43318649e+02, 3.04983307e+02, 2.54243713e+02,
    3.07377045e+02, 2.64961029e+02, 3.09829163e+02, 2.75633820e+02,
    2.80096191e+02, 2.00738922e+02, 2.82775665e+02, 2.12346359e+02,
    2.85403442e+02, 2.23687149e+02, 2.88043610e+02, 2.34859467e+02,
    2.90652588e+02, 2.45918411e+02, 2.93181976e+02, 2.56874969e+02,
    2.95729553e+02, 2.67604004e+02, 2.98206451e+02, 2.78187775e+02,
    2.67654083e+02, 2.03570297e+02, 2.70557953e+02, 2.15183716e+02,
    2.73303925e+02, 2.26460281e+02, 2.76091187e+02, 2.37628632e+02,
    2.78720551e+02, 2.48697525e+02, 2.81397980e+02, 2.59563293e+02,
    2.84054443e+02, 2.70194763e+02, 2.86561646e+02, 2.80668396e+02,
    2.55628525e+02, 2.06382263e+02, 2.58472595e+02, 2.17922928e+02,
    2.61339630e+02, 2.29191681e+02, 2.64183136e+02, 2.40340286e+02,
    2.67011353e+02, 2.51316711e+02, 2.69695007e+02, 2.62128113e+02,
    2.72380737e+02, 2.72779449e+02, 2.75043213e+02, 2.83210815e+02,
    2.43357208e+02, 2.09260925e+02, 2.46478760e+02, 2.20732590e+02,
    2.49430573e+02, 2.31990097e+02, 2.52309204e+02, 2.43120209e+02,
    2.55209930e+02, 2.54057907e+02, 2.58064697e+02, 2.64823029e+02,
    2.60841034e+02, 2.75369537e+02, 2.63494415e+02, 2.85683716e+02,
    2.31275681e+02, 2.12145096e+02, 2.34391769e+02, 2.23591476e+02,
    2.37506256e+02, 2.34769531e+02, 2.40472305e+02, 2.45847122e+02,
    2.43401276e+02, 2.56758636e+02, 2.46354126e+02, 2.67414154e+02,
    2.49289825e+02, 2.77906891e+02, 2.52127136e+02, 2.88246857e+02,
    2.19211288e+02, 2.14995392e+02, 2.22499161e+02, 2.26374039e+02,
    2.25621735e+02, 2.37506866e+02, 2.28693939e+02, 2.48666077e+02,
    2.31766098e+02, 2.59481079e+02, 2.34774017e+02, 2.70047180e+02,
    2.37716904e+02, 2.80509674e+02, 2.40636017e+02, 2.90699066e+02,
    2.07252914e+02, 2.17763733e+02, 2.10524689e+02, 2.29083664e+02,
    2.13823517e+02, 2.40278198e+02, 2.17076721e+02, 2.51281036e+02,
    2.20247330e+02, 2.61995239e+02, 2.23254959e+02, 2.72523132e+02,
    2.26328293e+02, 2.82914276e+02, 2.29309677e+02, 2.93149292e+02,
    1.95040146e+02, 2.20586945e+02, 1.98594772e+02, 2.31888748e+02,
    2.02002014e+02, 2.42952560e+02, 2.05287521e+02, 2.53910645e+02,
    2.08469116e+02, 2.64551056e+02, 2.11727722e+02, 2.75152771e+02,
    2.14825363e+02, 2.85439972e+02, 2.17914169e+02, 2.95686249e+02 ]
