%YAML:1.0
---
points: [ 2.70915894e+02, 1.88880157e+02, 2.74157745e+02, 2.00612045e+02,
    2.77273621e+02, 2.12108032e+02, 2.80420959e+02, 2.23281326e+02,
    2.83497772e+02, 2.34396484e+02, 2.86571289e+02, 2.45326370e+02,
    2.89555389e+02, 2.56141815e+02, 2.92513885e+02, 2.66894745e+02,
    2.58717957e+02, 1.92129700e+02, 2.62076996e+02, 2.03782822e+02,
    2.65308838e+02, 2.15258835e+02, 2.68548950e+02, 2.26332184e+02,
    2.71736786e+02, 2.37340637e+02, 2.74867096e+02, 2.48298798e+02,
    2.77931915e+02, 2.59048584e+02, 2.80982910e+02, 2.69686035e+02,
    2.46555893e+02, 1.95582108e+02, 2.50108612e+02, 2.07010178e+02,
    2.53449387e+02, 2.18312622e+02, 2.56775818e+02, 2.29366852e+02,
    2.59988190e+02, 2.40379700e+02, 2.63277740e+02, 2.51267273e+02,
    2.66390442e+02, 2.62008484e+02, 2.69573608e+02, 2.72567169e+02,
    2.34594025e+02, 1.98622391e+02, 2.38181168e+02, 2.10149826e+02,
    2.41642273e+02, 2.21508163e+02, 2.45065399e+02, 2.32432800e+02,
    2.48407440e+02, 2.43397125e+02, 2.51703903e+02, 2.54209610e+02,
    2.55042374e+02, 2.64888733e+02, 2.58165283e+02, 2.75388397e+02,
    2.22613770e+02, 2.01849289e+02, 2.26283005e+02, 2.13388687e+02,
    2.29889557e+02, 2.24570084e+02, 2.33401123e+02, 2.35564041e+02,
    2.36853622e+02, 2.46435806e+02, 2.40208450e+02, 2.57223724e+02,
    2.43503067e+02, 2.67778809e+02, 2.46823685e+02, 2.78286530e+02,
    2.10762146e+02, 2.05055786e+02, 2.14609131e+02, 2.16482727e+02,
    2.18174225e+02, 2.27635666e+02, 2.21808044e+02, 2.38665482e+02,
    2.25357605e+02, 2.49466110e+02, 2.28845001e+02, 2.60203583e+02,
    2.32259506e+02, 2.70679626e+02, 2.35623962e+02, 2.81084961e+02,
    1.98964874e+02, 2.08254898e+02, 2.02871628e+02, 2.19657043e+02,
    2.06624084e+02, 2.30774460e+02, 2.10265610e+02, 2.41732773e+02,
    2.13873352e+02, 2.52512390e+02, 2.17440323e+02, 2.63162750e+02,
    2.20996597e+02, 2.73670105e+02, 2.24360596e+02, 2.83894196e+02,
    1.87265656e+02, 2.11464706e+02, 1.91109589e+02, 2.22759460e+02,
    1.94938919e+02, 2.33935532e+02, 1.98675919e+02, 2.44792252e+02,
    2.02397827e+02, 2.55564941e+02, 2.06069122e+02, 2.66139008e+02,
    2.09655106e+02, 2.76479431e+02, 2.13130280e+02, 2.86664093e+02,
    1.75590012e+02, 2.14570755e+02, 1.79574570e+02, 2.25932037e+02,
    1.83386688e+02, 2.37051315e+02, 1.87269989e+02, 2.47774765e+02,
    1.91012970e+02, 2.58580109e+02, 1.94790756e+02, 2.68980560e+02,
    1.98388824e+02, 2.79370270e+02, 2.01969254e+02, 2.89566193e+02,
    1.63996674e+02, 2.17792374e+02, 1.68055511e+02, 2.28960602e+02,
    1.71997360e+02, 2.40003128e+02, 1.75870453e+02, 2.50789963e+02,
    1.79801788e+02, 2.61436157e+02, 1.83614609e+02, 2.71908508e+02,
    1.87323929e+02, 2.82243927e+02, 1.91056808e+02, 2.92198700e+02,
    1.52182434e+02, 2.20896729e+02, 1.56430405e+02, 2.32143021e+02,
    1.60504761e+02, 2.42995941e+02, 1.64577499e+02, 2.53749847e+02,
    1.68589142e+02, 2.64358582e+02, 1.72411530e+02, 2.74766693e+02,
    1.76141006e+02, 2.84907440e+02, 1.79973511e+02, 2.95103241e+02 ]
