%YAML:1.0
---
points: [ 2.35194382e+02, 1.82949966e+02, 2.39062225e+02, 1.95364487e+02,
    2.42713120e+02, 2.07687439e+02, 2.46322174e+02, 2.19763092e+02,
    2.49934387e+02, 2.31599747e+02, 2.53334961e+02, 2.43275391e+02,
    2.56744629e+02, 2.54797958e+02, 2.60154236e+02, 2.66197998e+02,
    2.22402313e+02, 1.86327423e+02, 2.26300049e+02, 1.98627151e+02,
    2.30056519e+02, 2.10826385e+02, 2.33817551e+02, 2.22871399e+02,
    2.37432037e+02, 2.34581284e+02, 2.41039871e+02, 2.46243210e+02,
    2.44524261e+02, 2.57714783e+02, 2.47995346e+02, 2.69016998e+02,
    2.09658279e+02, 1.89611816e+02, 2.13714828e+02, 2.01889893e+02,
    2.17654297e+02, 2.14033737e+02, 2.21436905e+02, 2.25874252e+02,
    2.25142944e+02, 2.37629288e+02, 2.28818481e+02, 2.49228134e+02,
    2.32442734e+02, 2.60645355e+02, 2.36033951e+02, 2.71761780e+02,
    1.97099915e+02, 1.92839691e+02, 2.01170883e+02, 2.05059372e+02,
    2.05225449e+02, 2.17150513e+02, 2.09115311e+02, 2.29009262e+02,
    2.12992737e+02, 2.40617004e+02, 2.16780807e+02, 2.52121567e+02,
    2.20461029e+02, 2.63440247e+02, 2.24008636e+02, 2.74578369e+02,
    1.84546555e+02, 1.96117676e+02, 1.88840790e+02, 2.08142883e+02,
    1.92881119e+02, 2.20299911e+02, 1.96929184e+02, 2.32064377e+02,
    2.00869186e+02, 2.43671860e+02, 2.04764633e+02, 2.55092133e+02,
    2.08467026e+02, 2.66309692e+02, 2.12187897e+02, 2.77375885e+02,
    1.72142273e+02, 1.99277374e+02, 1.76453934e+02, 2.11405273e+02,
    1.80712448e+02, 2.23421417e+02, 1.84764679e+02, 2.35141418e+02,
    1.88843628e+02, 2.46697159e+02, 1.92777222e+02, 2.57996429e+02,
    1.96648697e+02, 2.69183319e+02, 2.00551407e+02, 2.80172241e+02,
    1.59837173e+02, 2.02467651e+02, 1.64248260e+02, 2.14628647e+02,
    1.68544861e+02, 2.26536682e+02, 1.72752319e+02, 2.38170456e+02,
    1.76813980e+02, 2.49672333e+02, 1.80856750e+02, 2.60902466e+02,
    1.84850311e+02, 2.72077057e+02, 1.88742432e+02, 2.82922577e+02,
    1.47572937e+02, 2.05767487e+02, 1.52069901e+02, 2.17796356e+02,
    1.56391922e+02, 2.29609268e+02, 1.60625702e+02, 2.41238617e+02,
    1.64857315e+02, 2.52655914e+02, 1.69015442e+02, 2.63844574e+02,
    1.73063568e+02, 2.74918152e+02, 1.77041000e+02, 2.85573364e+02,
    1.35389893e+02, 2.08935257e+02, 1.39947662e+02, 2.20901764e+02,
    1.44435501e+02, 2.32662918e+02, 1.48743073e+02, 2.44218933e+02,
    1.53030563e+02, 2.55646683e+02, 1.57208359e+02, 2.66702301e+02,
    1.61417160e+02, 2.77630157e+02, 1.65501373e+02, 2.88308929e+02,
    1.23543335e+02, 2.12028152e+02, 1.28042984e+02, 2.23970779e+02,
    1.32653671e+02, 2.35606186e+02, 1.37119339e+02, 2.47150589e+02,
    1.41477325e+02, 2.58397186e+02, 1.45754852e+02, 2.69441528e+02,
    1.49968658e+02, 2.80296082e+02, 1.54233368e+02, 2.90921204e+02,
    1.11437759e+02, 2.15206436e+02, 1.16168999e+02, 2.27081345e+02,
    1.20809486e+02, 2.38614243e+02, 1.25308647e+02, 2.50070114e+02,
    1.29780838e+02, 2.61154541e+02, 1.34233917e+02, 2.72194061e+02,
    1.38575897e+02, 2.82898132e+02, 1.42784012e+02, 2.93502472e+02 ]
