%YAML:1.0
---
points: [ 2.17253281e+02, 1.88325638e+02, 2.21174301e+02, 1.99326950e+02,
    2.24939743e+02, 2.10186615e+02, 2.28743301e+02, 2.20930435e+02,
    2.32342850e+02, 2.31351791e+02, 2.35874969e+02, 2.41806412e+02,
    2.39361984e+02, 2.52086472e+02, 2.42794907e+02, 2.62289429e+02,
    2.06127731e+02, 1.91499893e+02, 2.10100479e+02, 2.02344910e+02,
    2.13962387e+02, 2.13203781e+02, 2.17795822e+02, 2.23743958e+02,
    2.21513718e+02, 2.34202225e+02, 2.25104691e+02, 2.44545609e+02,
    2.28647644e+02, 2.54783600e+02, 2.32201584e+02, 2.64826355e+02,
    1.95081284e+02, 1.94498276e+02, 1.99187332e+02, 2.05389145e+02,
    2.03134995e+02, 2.16110565e+02, 2.06985352e+02, 2.26629669e+02,
    2.10745148e+02, 2.37097748e+02, 2.14398743e+02, 2.47261566e+02,
    2.18101135e+02, 2.57473236e+02, 2.21626038e+02, 2.67409241e+02,
    1.84258102e+02, 1.97506973e+02, 1.88348083e+02, 2.08344772e+02,
    1.92360687e+02, 2.19000671e+02, 1.96267944e+02, 2.29429169e+02,
    2.00069748e+02, 2.39831223e+02, 2.03849136e+02, 2.49985428e+02,
    2.07547745e+02, 2.60072723e+02, 2.11179550e+02, 2.69992035e+02,
    1.73411041e+02, 2.00569962e+02, 1.77602859e+02, 2.11328964e+02,
    1.81676880e+02, 2.21965256e+02, 1.85607635e+02, 2.32295547e+02,
    1.89523346e+02, 2.42653122e+02, 1.93351212e+02, 2.52693115e+02,
    1.97080521e+02, 2.62721100e+02, 2.00802536e+02, 2.72541260e+02,
    1.62754074e+02, 2.03678223e+02, 1.66925171e+02, 2.14262436e+02,
    1.71111938e+02, 2.24741913e+02, 1.75104553e+02, 2.35139694e+02,
    1.79066498e+02, 2.45353775e+02, 1.82903305e+02, 2.55379990e+02,
    1.86788223e+02, 2.65323700e+02, 1.90574158e+02, 2.75082153e+02,
    1.52063217e+02, 2.06581665e+02, 1.56379807e+02, 2.17170288e+02,
    1.60606140e+02, 2.27677719e+02, 1.64689621e+02, 2.37928879e+02,
    1.68694855e+02, 2.48148026e+02, 1.72656418e+02, 2.58129669e+02,
    1.76525970e+02, 2.67868683e+02, 1.80303177e+02, 2.77611450e+02,
    1.41655533e+02, 2.09463226e+02, 1.45949203e+02, 2.20157089e+02,
    1.50070572e+02, 2.30494736e+02, 1.54189285e+02, 2.40699417e+02,
    1.58352707e+02, 2.50893829e+02, 1.62347107e+02, 2.60754303e+02,
    1.66278488e+02, 2.70443481e+02, 1.70229691e+02, 2.80058075e+02,
    1.31299301e+02, 2.12527969e+02, 1.35633759e+02, 2.23036880e+02,
    1.39816528e+02, 2.33357300e+02, 1.44035278e+02, 2.43415680e+02,
    1.48129822e+02, 2.53534103e+02, 1.52225235e+02, 2.63317383e+02,
    1.56290237e+02, 2.73029663e+02, 1.60240051e+02, 2.82440216e+02,
    1.21072205e+02, 2.15347290e+02, 1.25418236e+02, 2.25840881e+02,
    1.29696945e+02, 2.36092148e+02, 1.33969528e+02, 2.46193237e+02,
    1.38157669e+02, 2.56146301e+02, 1.42319199e+02, 2.65864136e+02,
    1.46385071e+02, 2.75385345e+02, 1.50404160e+02, 2.84838226e+02,
    1.10794533e+02, 2.18287323e+02, 1.15274391e+02, 2.28617859e+02,
    1.19568138e+02, 2.38766602e+02, 1.23923546e+02, 2.48774338e+02,
    1.28201401e+02, 2.58670197e+02, 1.32424332e+02, 2.68333008e+02,
    1.36509064e+02, 2.77849091e+02, 1.40585464e+02, 2.87235077e+02 ]
