%YAML:1.0
---
points: [ 2.96100006e+02, 1.86676102e+02, 2.98993652e+02, 1.97594818e+02,
    3.01853821e+02, 2.08460815e+02, 3.04618286e+02, 2.19094879e+02,
    3.07390991e+02, 2.29551392e+02, 3.10149506e+02, 2.40026703e+02,
    3.12829956e+02, 2.50312759e+02, 3.15509338e+02, 2.60570312e+02,
    2.84598602e+02, 1.89528870e+02, 2.87553589e+02, 2.00442215e+02,
    2.90414154e+02, 2.11271881e+02, 2.93331879e+02, 2.21739777e+02,
    2.96195129e+02, 2.32236099e+02, 2.98994202e+02, 2.42647507e+02,
    3.01751953e+02, 2.52844528e+02, 3.04502289e+02, 2.62963379e+02,
    2.73186890e+02, 1.92448364e+02, 2.76250488e+02, 2.03325882e+02,
    2.79221863e+02, 2.13936005e+02, 2.82200531e+02, 2.24391312e+02,
    2.85112579e+02, 2.34896927e+02, 2.88013336e+02, 2.45176102e+02,
    2.90821747e+02, 2.55393036e+02, 2.93602722e+02, 2.65366730e+02,
    2.62043549e+02, 1.95312485e+02, 2.65155487e+02, 2.06137085e+02,
    2.68176025e+02, 2.16698227e+02, 2.71154541e+02, 2.27086761e+02,
    2.74219513e+02, 2.37440674e+02, 2.77109222e+02, 2.47706497e+02,
    2.80000854e+02, 2.57814911e+02, 2.82890320e+02, 2.67818420e+02,
    2.50871719e+02, 1.98168152e+02, 2.54036911e+02, 2.08862030e+02,
    2.57178955e+02, 2.19441910e+02, 2.60273651e+02, 2.29751480e+02,
    2.63292450e+02, 2.40125778e+02, 2.66297058e+02, 2.50300232e+02,
    2.69227631e+02, 2.60333069e+02, 2.72151154e+02, 2.70213654e+02,
    2.39814316e+02, 2.01148224e+02, 2.43176620e+02, 2.11679001e+02,
    2.46324814e+02, 2.22165283e+02, 2.49443756e+02, 2.32396759e+02,
    2.52596069e+02, 2.42734467e+02, 2.55599777e+02, 2.52761719e+02,
    2.58659515e+02, 2.62787201e+02, 2.61572205e+02, 2.72599731e+02,
    2.29058624e+02, 2.03859924e+02, 2.32304810e+02, 2.14409683e+02,
    2.35491272e+02, 2.24871078e+02, 2.38770920e+02, 2.35085114e+02,
    2.41906006e+02, 2.45331543e+02, 2.45029831e+02, 2.55318665e+02,
    2.48080536e+02, 2.65253876e+02, 2.51137894e+02, 2.74948639e+02,
    2.18208267e+02, 2.06563354e+02, 2.21494461e+02, 2.17164688e+02,
    2.24850006e+02, 2.27485779e+02, 2.28051224e+02, 2.37719604e+02,
    2.31262817e+02, 2.47890305e+02, 2.34509537e+02, 2.57832550e+02,
    2.37591599e+02, 2.67636810e+02, 2.40702377e+02, 2.77319641e+02,
    2.07449463e+02, 2.09355072e+02, 2.10863159e+02, 2.19983765e+02,
    2.14204926e+02, 2.30209335e+02, 2.17530579e+02, 2.40351227e+02,
    2.20750381e+02, 2.50398819e+02, 2.24024857e+02, 2.60268799e+02,
    2.27159119e+02, 2.70057617e+02, 2.30305923e+02, 2.79753265e+02,
    1.96988647e+02, 2.11965881e+02, 2.00347305e+02, 2.22563080e+02,
    2.03753677e+02, 2.32767120e+02, 2.07084167e+02, 2.42898239e+02,
    2.10450562e+02, 2.52896759e+02, 2.13741821e+02, 2.62715668e+02,
    2.16948929e+02, 2.72377808e+02, 2.20220062e+02, 2.81970734e+02,
    1.86284042e+02, 2.14797134e+02, 1.89815750e+02, 2.25226883e+02,
    1.93210846e+02, 2.35389313e+02, 1.96764908e+02, 2.45328430e+02,
    2.00068893e+02, 2.55322037e+02, 2.03414246e+02, 2.65030365e+02,
    2.06683914e+02, 2.74733551e+02, 2.09930405e+02, 2.84274353e+02 ]
