%YAML:1.0
---
points: [ 3.48307007e+02, 1.92210541e+02, 3.50441498e+02, 2.03379547e+02,
    3.52472168e+02, 2.14402298e+02, 3.54538086e+02, 2.25250641e+02,
    3.56568939e+02, 2.35921188e+02, 3.58671906e+02, 2.46463593e+02,
    3.60598175e+02, 2.56839142e+02, 3.62627563e+02, 2.67271759e+02,
    3.36161621e+02, 1.94877151e+02, 3.38290344e+02, 2.06031311e+02,
    3.40452667e+02, 2.16968628e+02, 3.42698303e+02, 2.27764893e+02,
    3.44782990e+02, 2.38356934e+02, 3.46962830e+02, 2.48828110e+02,
    3.48982666e+02, 2.59244324e+02, 3.51116791e+02, 2.69394745e+02,
    3.24024597e+02, 1.97614792e+02, 3.26364716e+02, 2.08585526e+02,
    3.28678894e+02, 2.19492004e+02, 3.30842926e+02, 2.30233994e+02,
    3.33154816e+02, 2.40824692e+02, 3.35415894e+02, 2.51216125e+02,
    3.37608032e+02, 2.61512604e+02, 3.39726807e+02, 2.71681427e+02,
    3.12145172e+02, 2.00219238e+02, 3.14474945e+02, 2.11172073e+02,
    3.16931427e+02, 2.21994003e+02, 3.19313385e+02, 2.32627945e+02,
    3.21609314e+02, 2.43205826e+02, 3.23968201e+02, 2.53623871e+02,
    3.26202606e+02, 2.63766724e+02, 3.28459930e+02, 2.73886505e+02,
    3.00248352e+02, 2.02918030e+02, 3.02853363e+02, 2.14004089e+02,
    3.05275421e+02, 2.24547333e+02, 3.07761902e+02, 2.35148117e+02,
    3.10210083e+02, 2.45627838e+02, 3.12573669e+02, 2.55940704e+02,
    3.14899689e+02, 2.66134705e+02, 3.17260193e+02, 2.76065155e+02,
    2.88666656e+02, 2.05534103e+02, 2.91260132e+02, 2.16461914e+02,
    2.93824066e+02, 2.27005066e+02, 2.96408600e+02, 2.37583023e+02,
    2.98878387e+02, 2.48028275e+02, 3.01358826e+02, 2.58267792e+02,
    3.03842712e+02, 2.68347656e+02, 3.06242554e+02, 2.78279327e+02,
    2.77071686e+02, 2.08192261e+02, 2.79789398e+02, 2.18989243e+02,
    2.82414673e+02, 2.29630646e+02, 2.85085236e+02, 2.40068069e+02,
    2.87627655e+02, 2.50434616e+02, 2.90199402e+02, 2.60605408e+02,
    2.92730377e+02, 2.70588287e+02, 2.95190918e+02, 2.80500488e+02,
    2.65589142e+02, 2.10776947e+02, 2.68401337e+02, 2.21472214e+02,
    2.71112854e+02, 2.32080490e+02, 2.73803955e+02, 2.42517776e+02,
    2.76433807e+02, 2.52775742e+02, 2.79087372e+02, 2.62863983e+02,
    2.81682007e+02, 2.72852509e+02, 2.84228027e+02, 2.82678894e+02,
    2.54225372e+02, 2.13315598e+02, 2.57116760e+02, 2.23980255e+02,
    2.59922577e+02, 2.34561996e+02, 2.62711304e+02, 2.44939178e+02,
    2.65425110e+02, 2.55198578e+02, 2.68105804e+02, 2.65216797e+02,
    2.70743347e+02, 2.75071411e+02, 2.73298828e+02, 2.84765259e+02,
    2.43070343e+02, 2.15921249e+02, 2.46013672e+02, 2.26440338e+02,
    2.48900986e+02, 2.36887009e+02, 2.51751938e+02, 2.47291214e+02,
    2.54525543e+02, 2.57439636e+02, 2.57278748e+02, 2.67395996e+02,
    2.60004364e+02, 2.77304260e+02, 2.62666504e+02, 2.86859802e+02,
    2.31749817e+02, 2.18443909e+02, 2.34803986e+02, 2.28902313e+02,
    2.37756378e+02, 2.39367355e+02, 2.40674347e+02, 2.49593445e+02,
    2.43579590e+02, 2.59733704e+02, 2.46412918e+02, 2.69578674e+02,
    2.49167862e+02, 2.79398651e+02, 2.51906189e+02, 2.88909180e+02 ]
