%YAML:1.0
---
points: [ 3.55474548e+02, 1.96444641e+02, 3.57276428e+02, 2.08383270e+02,
    3.58953125e+02, 2.20196823e+02, 3.60734833e+02, 2.31396118e+02,
    3.62410095e+02, 2.42646103e+02, 3.64107452e+02, 2.53510468e+02,
    3.65752563e+02, 2.64236206e+02, 3.67398071e+02, 2.74601593e+02,
    3.41571320e+02, 1.99192184e+02, 3.43500183e+02, 2.11046799e+02,
    3.45445831e+02, 2.22660797e+02, 3.47341797e+02, 2.33908691e+02,
    3.49253235e+02, 2.44991394e+02, 3.51115601e+02, 2.55823151e+02,
    3.52934753e+02, 2.66352783e+02, 3.54701385e+02, 2.76714142e+02,
    3.27792480e+02, 2.01879654e+02, 3.29959473e+02, 2.13728882e+02,
    3.32099670e+02, 2.25061844e+02, 3.34217255e+02, 2.36351639e+02,
    3.36310059e+02, 2.47365494e+02, 3.38290527e+02, 2.57954437e+02,
    3.40290314e+02, 2.68558685e+02, 3.42234070e+02, 2.78808777e+02,
    3.14297333e+02, 2.04516464e+02, 3.16677521e+02, 2.16249710e+02,
    3.19059418e+02, 2.27572495e+02, 3.21264404e+02, 2.38682968e+02,
    3.23561157e+02, 2.49574203e+02, 3.25723541e+02, 2.60257324e+02,
    3.27855072e+02, 2.70670654e+02, 3.29884979e+02, 2.80810974e+02,
    3.00919037e+02, 2.07141678e+02, 3.03513245e+02, 2.18723999e+02,
    3.06042816e+02, 2.29990158e+02, 3.08477966e+02, 2.41039200e+02,
    3.10850800e+02, 2.51967529e+02, 3.13185730e+02, 2.62555450e+02,
    3.15444366e+02, 2.72874603e+02, 3.17697571e+02, 2.82949005e+02,
    2.87888367e+02, 2.09755615e+02, 2.90607025e+02, 2.21264297e+02,
    2.93246338e+02, 2.32458710e+02, 2.95847748e+02, 2.43490341e+02,
    2.98340057e+02, 2.54274963e+02, 3.00828552e+02, 2.64713593e+02,
    3.03265472e+02, 2.75011780e+02, 3.05686432e+02, 2.84971100e+02,
    2.74896515e+02, 2.12402786e+02, 2.77777222e+02, 2.23840317e+02,
    2.80608612e+02, 2.35019775e+02, 2.83345734e+02, 2.45892029e+02,
    2.86020721e+02, 2.56615906e+02, 2.88663757e+02, 2.66867310e+02,
    2.91138031e+02, 2.77008301e+02, 2.93630127e+02, 2.87013611e+02,
    2.62090942e+02, 2.14907166e+02, 2.65124817e+02, 2.26264038e+02,
    2.68049744e+02, 2.37402237e+02, 2.70914948e+02, 2.48282761e+02,
    2.73707947e+02, 2.58881195e+02, 2.76386658e+02, 2.69178406e+02,
    2.79144440e+02, 2.79231384e+02, 2.81787628e+02, 2.89046997e+02,
    2.49415649e+02, 2.17476807e+02, 2.52614075e+02, 2.28777496e+02,
    2.55641678e+02, 2.39852921e+02, 2.58651093e+02, 2.50688507e+02,
    2.61605957e+02, 2.61209045e+02, 2.64479370e+02, 2.71375793e+02,
    2.67238434e+02, 2.81293182e+02, 2.70018616e+02, 2.90911011e+02,
    2.36986404e+02, 2.20063034e+02, 2.40212372e+02, 2.31211746e+02,
    2.43412094e+02, 2.42151718e+02, 2.46536438e+02, 2.52814590e+02,
    2.49664505e+02, 2.63298859e+02, 2.52729065e+02, 2.73464600e+02,
    2.55609177e+02, 2.83311371e+02, 2.58399017e+02, 2.92809235e+02,
    2.24336456e+02, 2.22535934e+02, 2.27861755e+02, 2.33617905e+02,
    2.31221268e+02, 2.44451370e+02, 2.34582779e+02, 2.55045334e+02,
    2.37697311e+02, 2.65406830e+02, 2.40811188e+02, 2.75488312e+02,
    2.43898773e+02, 2.85235779e+02, 2.46850021e+02, 2.94773041e+02 ]
