%YAML:1.0
---
points: [ 3.52143341e+02, 1.89345383e+02, 3.54056824e+02, 2.00266800e+02,
    3.55810516e+02, 2.10968002e+02, 3.57620392e+02, 2.21519363e+02,
    3.59302948e+02, 2.32002670e+02, 3.61123901e+02, 2.42167007e+02,
    3.62864990e+02, 2.52267456e+02, 3.64537872e+02, 2.62176605e+02,
    3.40185638e+02, 1.92015457e+02, 3.42037445e+02, 2.02858917e+02,
    3.44061371e+02, 2.13496262e+02, 3.45866913e+02, 2.24073334e+02,
    3.47769196e+02, 2.34383163e+02, 3.49708740e+02, 2.44468491e+02,
    3.51522522e+02, 2.54637650e+02, 3.53325256e+02, 2.64373444e+02,
    3.28165741e+02, 1.94641815e+02, 3.30274170e+02, 2.05421890e+02,
    3.32340973e+02, 2.16063492e+02, 3.34330811e+02, 2.26464157e+02,
    3.36328461e+02, 2.36793716e+02, 3.38291534e+02, 2.46923279e+02,
    3.40261749e+02, 2.56809662e+02, 3.42214996e+02, 2.66671661e+02,
    3.16461731e+02, 1.97201889e+02, 3.18580231e+02, 2.07987747e+02,
    3.20710175e+02, 2.18486328e+02, 3.22868073e+02, 2.28902069e+02,
    3.25005615e+02, 2.39124863e+02, 3.27089905e+02, 2.49192627e+02,
    3.29151062e+02, 2.59132568e+02, 3.31187866e+02, 2.68900330e+02,
    3.04632904e+02, 1.99828796e+02, 3.07040161e+02, 2.10476562e+02,
    3.09249756e+02, 2.21060928e+02, 3.11558899e+02, 2.31351776e+02,
    3.13750397e+02, 2.41496521e+02, 3.15959320e+02, 2.51586975e+02,
    3.18036957e+02, 2.61424164e+02, 3.20195282e+02, 2.71053925e+02,
    2.93186432e+02, 2.02409546e+02, 2.95551483e+02, 2.13106567e+02,
    2.97925171e+02, 2.23469925e+02, 3.00282135e+02, 2.33771957e+02,
    3.02595642e+02, 2.43960129e+02, 3.04889374e+02, 2.53855423e+02,
    3.07188629e+02, 2.63643158e+02, 3.09318085e+02, 2.73317108e+02,
    2.81670807e+02, 2.04963501e+02, 2.84173492e+02, 2.15583084e+02,
    2.86675385e+02, 2.26060471e+02, 2.89111938e+02, 2.36237564e+02,
    2.91549957e+02, 2.46341995e+02, 2.93905365e+02, 2.56182190e+02,
    2.96187469e+02, 2.65898621e+02, 2.98497223e+02, 2.75448608e+02,
    2.70302460e+02, 2.07604492e+02, 2.72910492e+02, 2.18120560e+02,
    2.75493073e+02, 2.28391800e+02, 2.77935974e+02, 2.38663727e+02,
    2.80493500e+02, 2.48701035e+02, 2.82931641e+02, 2.58587433e+02,
    2.85300781e+02, 2.68155884e+02, 2.87659515e+02, 2.77645660e+02,
    2.58929352e+02, 2.10161316e+02, 2.61702942e+02, 2.20576157e+02,
    2.64273132e+02, 2.30915253e+02, 2.66957886e+02, 2.41117889e+02,
    2.69605072e+02, 2.51127319e+02, 2.72046326e+02, 2.60814575e+02,
    2.74540649e+02, 2.70390350e+02, 2.76930511e+02, 2.79793671e+02,
    2.47796249e+02, 2.12644836e+02, 2.50548508e+02, 2.23103668e+02,
    2.53395950e+02, 2.33268784e+02, 2.56071838e+02, 2.43451004e+02,
    2.58682983e+02, 2.53414261e+02, 2.61270111e+02, 2.62991608e+02,
    2.63866241e+02, 2.72602448e+02, 2.66383423e+02, 2.81921906e+02,
    2.36470764e+02, 2.15138504e+02, 2.39374786e+02, 2.25445755e+02,
    2.42273636e+02, 2.35716324e+02, 2.45058197e+02, 2.45734604e+02,
    2.47851181e+02, 2.55664536e+02, 2.50470993e+02, 2.65217773e+02,
    2.53159607e+02, 2.74713593e+02, 2.55754257e+02, 2.84061737e+02 ]
