%YAML:1.0
---
points: [ 2.91312622e+02, 1.92779388e+02, 2.93648926e+02, 2.01877609e+02,
    2.95701569e+02, 2.10784775e+02, 2.97891235e+02, 2.19660751e+02,
    3.00031616e+02, 2.28455124e+02, 3.02162628e+02, 2.37051544e+02,
    3.04218475e+02, 2.45562775e+02, 3.06194580e+02, 2.54070343e+02,
    2.81788422e+02, 1.95206955e+02, 2.84060486e+02, 2.04319229e+02,
    2.86279388e+02, 2.13323395e+02, 2.88486053e+02, 2.21978271e+02,
    2.90663910e+02, 2.30749435e+02, 2.92829865e+02, 2.39393158e+02,
    2.94953400e+02, 2.47901962e+02, 2.97126190e+02, 2.56296143e+02,
    2.72123657e+02, 1.97756760e+02, 2.74520844e+02, 2.06814819e+02,
    2.76829102e+02, 2.15644730e+02, 2.79127594e+02, 2.24348526e+02,
    2.81339874e+02, 2.33139252e+02, 2.83596954e+02, 2.41653870e+02,
    2.85835236e+02, 2.50256393e+02, 2.87973389e+02, 2.58607605e+02,
    2.62617432e+02, 2.00102112e+02, 2.65066864e+02, 2.09263351e+02,
    2.67435913e+02, 2.18089539e+02, 2.69776825e+02, 2.26842117e+02,
    2.72129578e+02, 2.35435196e+02, 2.74412567e+02, 2.44054718e+02,
    2.76673676e+02, 2.52488113e+02, 2.78921478e+02, 2.60896576e+02,
    2.53102722e+02, 2.02637695e+02, 2.55579346e+02, 2.11662888e+02,
    2.58053925e+02, 2.20528091e+02, 2.60434204e+02, 2.29170990e+02,
    2.62885712e+02, 2.37870911e+02, 2.65237335e+02, 2.46418427e+02,
    2.67538635e+02, 2.54836288e+02, 2.69877747e+02, 2.63169678e+02,
    2.43664001e+02, 2.05113892e+02, 2.46212250e+02, 2.14102386e+02,
    2.48733597e+02, 2.22901062e+02, 2.51270203e+02, 2.31626068e+02,
    2.53678635e+02, 2.40244812e+02, 2.56120605e+02, 2.48706253e+02,
    2.58478577e+02, 2.57152985e+02, 2.60884308e+02, 2.65429596e+02,
    2.34214279e+02, 2.07535904e+02, 2.36856155e+02, 2.16520264e+02,
    2.39397125e+02, 2.25318451e+02, 2.41984467e+02, 2.34062943e+02,
    2.44469818e+02, 2.42649139e+02, 2.47010757e+02, 2.51118988e+02,
    2.49357513e+02, 2.59440216e+02, 2.51808472e+02, 2.67733459e+02,
    2.24752655e+02, 2.10037857e+02, 2.27437836e+02, 2.19063889e+02,
    2.30122116e+02, 2.27759003e+02, 2.32708984e+02, 2.36395401e+02,
    2.35305267e+02, 2.45082947e+02, 2.37812866e+02, 2.53445847e+02,
    2.40310181e+02, 2.61810760e+02, 2.42771179e+02, 2.69972412e+02,
    2.15382645e+02, 2.12518112e+02, 2.18148682e+02, 2.21525024e+02,
    2.20848343e+02, 2.30238785e+02, 2.23497726e+02, 2.38855743e+02,
    2.26157990e+02, 2.47414368e+02, 2.28729416e+02, 2.55829483e+02,
    2.31253204e+02, 2.64121918e+02, 2.33779968e+02, 2.72282227e+02,
    2.06055084e+02, 2.14960159e+02, 2.08811447e+02, 2.23810226e+02,
    2.11642944e+02, 2.32569412e+02, 2.14293091e+02, 2.41233017e+02,
    2.17064224e+02, 2.49755188e+02, 2.19658035e+02, 2.58112030e+02,
    2.22312439e+02, 2.66475861e+02, 2.24855072e+02, 2.74499817e+02,
    1.96558914e+02, 2.17378555e+02, 1.99516861e+02, 2.26303604e+02,
    2.02286896e+02, 2.35035721e+02, 2.05083221e+02, 2.43608459e+02,
    2.07856140e+02, 2.51983978e+02, 2.10580444e+02, 2.60407532e+02,
    2.13173126e+02, 2.68638306e+02, 2.15890579e+02, 2.76725037e+02 ]
