%YAML:1.0
---
points: [ 3.03540131e+02, 1.98643143e+02, 3.03599030e+02, 2.07946014e+02,
    3.03588043e+02, 2.17231583e+02, 3.03612000e+02, 2.26450546e+02,
    3.03572906e+02, 2.35635117e+02, 3.03600586e+02, 2.44607224e+02,
    3.03657166e+02, 2.53665070e+02, 3.03693787e+02, 2.62505585e+02,
    2.93827271e+02, 1.98847519e+02, 2.93807648e+02, 2.08399811e+02,
    2.93835327e+02, 2.17721222e+02, 2.93925842e+02, 2.26701721e+02,
    2.93946594e+02, 2.36000427e+02, 2.94041443e+02, 2.44930313e+02,
    2.94224426e+02, 2.54001801e+02, 2.94331848e+02, 2.62766327e+02,
    2.84031860e+02, 1.99272888e+02, 2.84259827e+02, 2.08731369e+02,
    2.84446289e+02, 2.17975311e+02, 2.84542542e+02, 2.27188110e+02,
    2.84681366e+02, 2.36336899e+02, 2.84737000e+02, 2.45511826e+02,
    2.84794739e+02, 2.54387146e+02, 2.84891083e+02, 2.63384552e+02,
    2.74574097e+02, 1.99662552e+02, 2.74680389e+02, 2.08948776e+02,
    2.74812805e+02, 2.18503235e+02, 2.74929199e+02, 2.27664322e+02,
    2.75147858e+02, 2.36709564e+02, 2.75373016e+02, 2.45830780e+02,
    2.75627014e+02, 2.54825027e+02, 2.75755188e+02, 2.63825714e+02,
    2.64702484e+02, 1.99917862e+02, 2.64961182e+02, 2.09584122e+02,
    2.65190308e+02, 2.18770126e+02, 2.65547943e+02, 2.28017090e+02,
    2.65726807e+02, 2.37274857e+02, 2.65860229e+02, 2.46300385e+02,
    2.66120819e+02, 2.55351242e+02, 2.66432281e+02, 2.64157928e+02,
    2.54925873e+02, 2.00492081e+02, 2.55358871e+02, 2.09901779e+02,
    2.55670685e+02, 2.19288376e+02, 2.55882294e+02, 2.28454987e+02,
    2.56231537e+02, 2.37698883e+02, 2.56618652e+02, 2.46746323e+02,
    2.56734436e+02, 2.55771179e+02, 2.56980103e+02, 2.64662415e+02,
    2.45376358e+02, 2.00811081e+02, 2.45713943e+02, 2.10344025e+02,
    2.45947662e+02, 2.19758087e+02, 2.46455231e+02, 2.28849976e+02,
    2.46707855e+02, 2.38097397e+02, 2.46949295e+02, 2.47238281e+02,
    2.47380112e+02, 2.56166077e+02, 2.47666504e+02, 2.65135834e+02,
    2.35571915e+02, 2.01227386e+02, 2.35917145e+02, 2.10696198e+02,
    2.36463669e+02, 2.20157715e+02, 2.36723160e+02, 2.29446487e+02,
    2.37128525e+02, 2.38611649e+02, 2.37587296e+02, 2.47730026e+02,
    2.37796631e+02, 2.56685883e+02, 2.38277710e+02, 2.65631531e+02,
    2.25734024e+02, 2.01600006e+02, 2.26268997e+02, 2.11154236e+02,
    2.26658676e+02, 2.20640533e+02, 2.27133850e+02, 2.29903595e+02,
    2.27583847e+02, 2.38969162e+02, 2.27914322e+02, 2.48079330e+02,
    2.28417999e+02, 2.57158752e+02, 2.28738281e+02, 2.66005005e+02,
    2.16147125e+02, 2.01900589e+02, 2.16575592e+02, 2.11638107e+02,
    2.17007507e+02, 2.20893204e+02, 2.17551392e+02, 2.30287140e+02,
    2.17989807e+02, 2.39602158e+02, 2.18499176e+02, 2.48564926e+02,
    2.18867218e+02, 2.57718109e+02, 2.19392242e+02, 2.66486633e+02,
    2.06089386e+02, 2.02373047e+02, 2.06651367e+02, 2.11918427e+02,
    2.07217072e+02, 2.21461014e+02, 2.07748489e+02, 2.30670868e+02,
    2.08316544e+02, 2.39871399e+02, 2.08806259e+02, 2.48967941e+02,
    2.09359924e+02, 2.57960724e+02, 2.09786911e+02, 2.66945404e+02 ]
