%YAML:1.0
---
points: [ 3.09364258e+02, 2.06403152e+02, 3.08203186e+02, 2.15472565e+02,
    3.06870667e+02, 2.24379242e+02, 3.05602905e+02, 2.33028809e+02,
    3.04410065e+02, 2.41821854e+02, 3.03290527e+02, 2.50323151e+02,
    3.02124939e+02, 2.58791504e+02, 3.00995422e+02, 2.67122498e+02,
    2.99844299e+02, 2.05747910e+02, 2.98511169e+02, 2.14744202e+02,
    2.97324707e+02, 2.23770767e+02, 2.96240753e+02, 2.32443695e+02,
    2.95125031e+02, 2.41113098e+02, 2.93987793e+02, 2.49826477e+02,
    2.92941895e+02, 2.58231720e+02, 2.91830780e+02, 2.66648712e+02,
    2.90080048e+02, 2.05053787e+02, 2.88998169e+02, 2.14138657e+02,
    2.87860107e+02, 2.23000305e+02, 2.86789551e+02, 2.31864578e+02,
    2.85763947e+02, 2.40589828e+02, 2.84718018e+02, 2.49250595e+02,
    2.83723511e+02, 2.57823822e+02, 2.82740967e+02, 2.66138519e+02,
    2.80484344e+02, 2.04443207e+02, 2.79366241e+02, 2.13530029e+02,
    2.78394104e+02, 2.22410980e+02, 2.77377441e+02, 2.31240280e+02,
    2.76371368e+02, 2.39925537e+02, 2.75490784e+02, 2.48653519e+02,
    2.74502380e+02, 2.57223480e+02, 2.73590881e+02, 2.65672668e+02,
    2.70682373e+02, 2.03666916e+02, 2.69784515e+02, 2.12767639e+02,
    2.68784851e+02, 2.21912750e+02, 2.67916382e+02, 2.30634964e+02,
    2.67014648e+02, 2.39587967e+02, 2.66121124e+02, 2.48046692e+02,
    2.65272400e+02, 2.56698273e+02, 2.64404266e+02, 2.65097809e+02,
    2.61027710e+02, 2.02907394e+02, 2.60189362e+02, 2.12219421e+02,
    2.59305603e+02, 2.21181152e+02, 2.58511658e+02, 2.30065369e+02,
    2.57687500e+02, 2.38835464e+02, 2.56825806e+02, 2.47696930e+02,
    2.56064117e+02, 2.56080963e+02, 2.55234833e+02, 2.64577484e+02,
    2.51295593e+02, 2.02295395e+02, 2.50574875e+02, 2.11589813e+02,
    2.49723679e+02, 2.20606216e+02, 2.48906113e+02, 2.29669754e+02,
    2.48264236e+02, 2.38364136e+02, 2.47465652e+02, 2.47031113e+02,
    2.46688110e+02, 2.55659683e+02, 2.45963654e+02, 2.63935944e+02,
    2.41547623e+02, 2.01608444e+02, 2.40795914e+02, 2.10831329e+02,
    2.40103455e+02, 2.20117325e+02, 2.39435822e+02, 2.28886810e+02,
    2.38700912e+02, 2.37827118e+02, 2.37942978e+02, 2.46549164e+02,
    2.37354813e+02, 2.55073730e+02, 2.36668427e+02, 2.63580017e+02,
    2.31685211e+02, 2.00925110e+02, 2.31069931e+02, 2.10304230e+02,
    2.30503281e+02, 2.19583725e+02, 2.29783569e+02, 2.28488632e+02,
    2.29190308e+02, 2.37295670e+02, 2.28595062e+02, 2.45920441e+02,
    2.27944824e+02, 2.54564606e+02, 2.27362564e+02, 2.62986450e+02,
    2.21962891e+02, 2.00309265e+02, 2.21406708e+02, 2.09629257e+02,
    2.20731354e+02, 2.18758438e+02, 2.20219345e+02, 2.27834732e+02,
    2.19692230e+02, 2.36676926e+02, 2.19117859e+02, 2.45471924e+02,
    2.18604843e+02, 2.53925690e+02, 2.18017609e+02, 2.62406799e+02,
    2.11811218e+02, 1.99522644e+02, 2.11436249e+02, 2.08870499e+02,
    2.10905411e+02, 2.18189285e+02, 2.10528214e+02, 2.27137314e+02,
    2.09990189e+02, 2.36062531e+02, 2.09586884e+02, 2.44753525e+02,
    2.09032181e+02, 2.53389481e+02, 2.08552933e+02, 2.61995850e+02 ]
