%YAML:1.0
---
points: [ 2.67263519e+02, 1.82198608e+02, 2.73184113e+02, 1.89534424e+02,
    2.78980835e+02, 1.97059784e+02, 2.84803314e+02, 2.04409302e+02,
    2.90636139e+02, 2.11890427e+02, 2.96460602e+02, 2.19261658e+02,
    3.02305939e+02, 2.26697418e+02, 3.08094849e+02, 2.34124359e+02,
    2.59838593e+02, 1.88060440e+02, 2.65684174e+02, 1.95579010e+02,
    2.71489929e+02, 2.02978088e+02, 2.77352203e+02, 2.10311600e+02,
    2.83208038e+02, 2.17764908e+02, 2.89017059e+02, 2.25162125e+02,
    2.94879211e+02, 2.32547531e+02, 3.00705780e+02, 2.39901901e+02,
    2.52155853e+02, 1.94029953e+02, 2.58228363e+02, 2.01359741e+02,
    2.64089905e+02, 2.08860626e+02, 2.69943329e+02, 2.16350327e+02,
    2.75771606e+02, 2.23629181e+02, 2.81647186e+02, 2.31032822e+02,
    2.87435394e+02, 2.38379990e+02, 2.93275208e+02, 2.45774292e+02,
    2.44972015e+02, 1.99801239e+02, 2.50779160e+02, 2.07365784e+02,
    2.56650818e+02, 2.14782623e+02, 2.62487457e+02, 2.22168793e+02,
    2.68376709e+02, 2.29439392e+02, 2.74226868e+02, 2.36914886e+02,
    2.80100098e+02, 2.44263458e+02, 2.85965607e+02, 2.51600906e+02,
    2.37234192e+02, 2.05853180e+02, 2.43318176e+02, 2.13309097e+02,
    2.49221008e+02, 2.20762009e+02, 2.55153595e+02, 2.27927521e+02,
    2.61052673e+02, 2.35431168e+02, 2.66858215e+02, 2.42768845e+02,
    2.72694550e+02, 2.50193726e+02, 2.78482971e+02, 2.57474457e+02,
    2.30038284e+02, 2.11991867e+02, 2.35854080e+02, 2.19252762e+02,
    2.41810852e+02, 2.26562820e+02, 2.47725388e+02, 2.33959061e+02,
    2.53575012e+02, 2.41258331e+02, 2.59403595e+02, 2.48696655e+02,
    2.65300537e+02, 2.56030396e+02, 2.71194672e+02, 2.63339691e+02,
    2.22578583e+02, 2.17769577e+02, 2.28383636e+02, 2.25167145e+02,
    2.34374283e+02, 2.32578506e+02, 2.40241547e+02, 2.39853668e+02,
    2.46152832e+02, 2.47234894e+02, 2.52074158e+02, 2.54611435e+02,
    2.57879211e+02, 2.61976654e+02, 2.63708801e+02, 2.69310120e+02,
    2.15016525e+02, 2.23736176e+02, 2.20927444e+02, 2.31129044e+02,
    2.26886139e+02, 2.38438629e+02, 2.32802872e+02, 2.45822388e+02,
    2.38700714e+02, 2.53219940e+02, 2.44595612e+02, 2.60546326e+02,
    2.50436310e+02, 2.67872955e+02, 2.56300903e+02, 2.75197540e+02,
    2.07550903e+02, 2.29635910e+02, 2.13532043e+02, 2.36978943e+02,
    2.19402817e+02, 2.44421921e+02, 2.25311996e+02, 2.51775101e+02,
    2.31283813e+02, 2.59181702e+02, 2.37163712e+02, 2.66536713e+02,
    2.43044144e+02, 2.73851868e+02, 2.48859924e+02, 2.81165863e+02,
    2.00064072e+02, 2.35571320e+02, 2.06105652e+02, 2.42998383e+02,
    2.12015472e+02, 2.50294601e+02, 2.17930161e+02, 2.57679626e+02,
    2.23847580e+02, 2.65114136e+02, 2.29758591e+02, 2.72413666e+02,
    2.35626617e+02, 2.79680695e+02, 2.41505463e+02, 2.87007996e+02,
    1.92442978e+02, 2.41552216e+02, 1.98513214e+02, 2.49002777e+02,
    2.04440918e+02, 2.56336395e+02, 2.10368042e+02, 2.63729004e+02,
    2.16308243e+02, 2.71050171e+02, 2.22275421e+02, 2.78382446e+02,
    2.28150711e+02, 2.85653748e+02, 2.34043976e+02, 2.92986847e+02 ]
