%YAML:1.0
---
points: [ 2.57750305e+02, 1.85720078e+02, 2.64825287e+02, 1.92169128e+02,
    2.71885132e+02, 1.98923187e+02, 2.78750702e+02, 2.05411148e+02,
    2.85668365e+02, 2.12041214e+02, 2.92524017e+02, 2.18476868e+02,
    2.99407837e+02, 2.24928482e+02, 3.06118713e+02, 2.31362289e+02,
    2.50944229e+02, 1.92796280e+02, 2.58029388e+02, 1.99397919e+02,
    2.65081757e+02, 2.05917313e+02, 2.72016571e+02, 2.12502579e+02,
    2.78915222e+02, 2.18957520e+02, 2.85798676e+02, 2.25338867e+02,
    2.92615082e+02, 2.31755096e+02, 2.99387787e+02, 2.38086319e+02,
    2.44102005e+02, 1.99944870e+02, 2.51220856e+02, 2.06393021e+02,
    2.58279785e+02, 2.13042038e+02, 2.65245697e+02, 2.19436508e+02,
    2.72217316e+02, 2.25795624e+02, 2.79089722e+02, 2.32222916e+02,
    2.85981079e+02, 2.38587311e+02, 2.92734558e+02, 2.44875305e+02,
    2.37427216e+02, 2.06945450e+02, 2.44502182e+02, 2.13497269e+02,
    2.51576614e+02, 2.19991074e+02, 2.58574829e+02, 2.26353088e+02,
    2.65511932e+02, 2.32704758e+02, 2.72423737e+02, 2.39066193e+02,
    2.79280640e+02, 2.45375488e+02, 2.86098785e+02, 2.51619034e+02,
    2.30692505e+02, 2.14071930e+02, 2.37883652e+02, 2.20568146e+02,
    2.44942398e+02, 2.26923523e+02, 2.51918686e+02, 2.33187592e+02,
    2.58903687e+02, 2.39617798e+02, 2.65794373e+02, 2.45900574e+02,
    2.72675507e+02, 2.52218094e+02, 2.79457184e+02, 2.58418793e+02,
    2.24116455e+02, 2.21152634e+02, 2.31200745e+02, 2.27402115e+02,
    2.38313156e+02, 2.33766983e+02, 2.45287354e+02, 2.40174530e+02,
    2.52298538e+02, 2.46433289e+02, 2.59221191e+02, 2.52716064e+02,
    2.66122131e+02, 2.58915955e+02, 2.72922424e+02, 2.65086670e+02,
    2.17477112e+02, 2.27996124e+02, 2.24589645e+02, 2.34304367e+02,
    2.31726990e+02, 2.40766342e+02, 2.38740234e+02, 2.47060226e+02,
    2.45739731e+02, 2.53305054e+02, 2.52629623e+02, 2.59462189e+02,
    2.59474609e+02, 2.65687531e+02, 2.66288513e+02, 2.71798859e+02,
    2.10801178e+02, 2.34999313e+02, 2.17944397e+02, 2.41347382e+02,
    2.25082169e+02, 2.47634415e+02, 2.32116852e+02, 2.53902466e+02,
    2.39140823e+02, 2.60117920e+02, 2.46039139e+02, 2.66305786e+02,
    2.52933533e+02, 2.72466919e+02, 2.59732269e+02, 2.78447052e+02,
    2.04210785e+02, 2.41878616e+02, 2.11403229e+02, 2.48212112e+02,
    2.18535767e+02, 2.54547897e+02, 2.25561798e+02, 2.60759460e+02,
    2.32590942e+02, 2.66959503e+02, 2.39502609e+02, 2.73078949e+02,
    2.46401031e+02, 2.79162720e+02, 2.53229843e+02, 2.85161865e+02,
    1.97745377e+02, 2.48737762e+02, 2.04889877e+02, 2.55074326e+02,
    2.11991257e+02, 2.61274933e+02, 2.19105225e+02, 2.67507355e+02,
    2.26109970e+02, 2.73668030e+02, 2.33109055e+02, 2.79719940e+02,
    2.39949310e+02, 2.85721802e+02, 2.46791336e+02, 2.91705414e+02,
    1.91092606e+02, 2.55726456e+02, 1.98270370e+02, 2.61913177e+02,
    2.05405487e+02, 2.68162842e+02, 2.12526199e+02, 2.74301697e+02,
    2.19513000e+02, 2.80360657e+02, 2.26484665e+02, 2.86350861e+02,
    2.33393921e+02, 2.92402496e+02, 2.40248260e+02, 2.98380829e+02 ]
