%YAML:1.0
---
points: [ 2.25770233e+02, 1.88001877e+02, 2.32965424e+02, 1.94281677e+02,
    2.40057648e+02, 2.00677048e+02, 2.47091125e+02, 2.07009583e+02,
    2.54023804e+02, 2.13361298e+02, 2.60929993e+02, 2.19685410e+02,
    2.67801697e+02, 2.25873459e+02, 2.74587219e+02, 2.32106522e+02,
    2.19333267e+02, 1.94933182e+02, 2.26422607e+02, 2.01332626e+02,
    2.33545547e+02, 2.07693268e+02, 2.40572632e+02, 2.14024307e+02,
    2.47542618e+02, 2.20301392e+02, 2.54469208e+02, 2.26475067e+02,
    2.61327484e+02, 2.32635208e+02, 2.68203369e+02, 2.38797440e+02,
    2.12785675e+02, 2.02043930e+02, 2.20047272e+02, 2.08200378e+02,
    2.27088882e+02, 2.14606613e+02, 2.34166718e+02, 2.20975372e+02,
    2.41142868e+02, 2.27113815e+02, 2.48075836e+02, 2.33245422e+02,
    2.54917252e+02, 2.39405991e+02, 2.61766907e+02, 2.45514374e+02,
    2.06397079e+02, 2.08886307e+02, 2.13512848e+02, 2.15271805e+02,
    2.20675156e+02, 2.21566162e+02, 2.27717438e+02, 2.27695358e+02,
    2.34746750e+02, 2.33912537e+02, 2.41678314e+02, 2.40076569e+02,
    2.48563019e+02, 2.46184540e+02, 2.55382202e+02, 2.52227325e+02,
    1.99914825e+02, 2.15918808e+02, 2.07179398e+02, 2.22222046e+02,
    2.14285721e+02, 2.28417709e+02, 2.21331940e+02, 2.34526184e+02,
    2.28332703e+02, 2.40730652e+02, 2.35287201e+02, 2.46819168e+02,
    2.42234482e+02, 2.52879822e+02, 2.49068680e+02, 2.58911652e+02,
    1.93589905e+02, 2.22940491e+02, 2.00765701e+02, 2.29106888e+02,
    2.07883301e+02, 2.35199448e+02, 2.15009155e+02, 2.41371338e+02,
    2.22048599e+02, 2.47459732e+02, 2.29019867e+02, 2.53543686e+02,
    2.35908646e+02, 2.59546722e+02, 2.42792145e+02, 2.65536072e+02,
    1.87186935e+02, 2.29759842e+02, 1.94398300e+02, 2.35975601e+02,
    2.01549469e+02, 2.42107224e+02, 2.08656372e+02, 2.48196594e+02,
    2.15687057e+02, 2.54300613e+02, 2.22662399e+02, 2.60290161e+02,
    2.29590576e+02, 2.66304260e+02, 2.36416306e+02, 2.72214996e+02,
    1.80814758e+02, 2.36676865e+02, 1.88013199e+02, 2.42868942e+02,
    1.95177856e+02, 2.48984833e+02, 2.02289062e+02, 2.55043427e+02,
    2.09332870e+02, 2.61099365e+02, 2.16319977e+02, 2.67055786e+02,
    2.23277390e+02, 2.73010437e+02, 2.30173355e+02, 2.78861053e+02,
    1.74435699e+02, 2.43563126e+02, 1.81702347e+02, 2.49660721e+02,
    1.88834412e+02, 2.55760208e+02, 1.95973602e+02, 2.61794250e+02,
    2.03050583e+02, 2.67848450e+02, 2.10080643e+02, 2.73704742e+02,
    2.17027298e+02, 2.79631409e+02, 2.23857559e+02, 2.85393860e+02,
    1.68188187e+02, 2.50275101e+02, 1.75419693e+02, 2.56357849e+02,
    1.82596268e+02, 2.62460358e+02, 1.89737335e+02, 2.68456726e+02,
    1.96788315e+02, 2.74414398e+02, 2.03813614e+02, 2.80299591e+02,
    2.10768478e+02, 2.86213257e+02, 2.17743851e+02, 2.91914917e+02,
    1.61818054e+02, 2.57203125e+02, 1.69108261e+02, 2.63228912e+02,
    1.76272202e+02, 2.69274902e+02, 1.83397095e+02, 2.75265198e+02,
    1.90494720e+02, 2.81173157e+02, 1.97548187e+02, 2.87059479e+02,
    2.04527542e+02, 2.92730225e+02, 2.11368744e+02, 2.98528351e+02 ]
