%YAML:1.0
---
points: [ 2.29843292e+02, 1.91780258e+02, 2.36673691e+02, 1.98269119e+02,
    2.43340698e+02, 2.04924133e+02, 2.49903961e+02, 2.11485657e+02,
    2.56417267e+02, 2.17911560e+02, 2.62860321e+02, 2.24227615e+02,
    2.69246124e+02, 2.30616226e+02, 2.75476562e+02, 2.36908508e+02,
    2.22887192e+02, 1.98176544e+02, 2.29641922e+02, 2.04794601e+02,
    2.36373001e+02, 2.11354889e+02, 2.43021606e+02, 2.17726105e+02,
    2.49544586e+02, 2.24170593e+02, 2.55949295e+02, 2.30432022e+02,
    2.62366150e+02, 2.36669556e+02, 2.68646881e+02, 2.42943024e+02,
    2.15924103e+02, 2.04646927e+02, 2.22780655e+02, 2.11151077e+02,
    2.29462646e+02, 2.17606720e+02, 2.36121689e+02, 2.23982925e+02,
    2.42699966e+02, 2.30262527e+02, 2.49172302e+02, 2.36465897e+02,
    2.55545883e+02, 2.42770294e+02, 2.61885803e+02, 2.48908218e+02,
    2.09151749e+02, 2.10994843e+02, 2.15928833e+02, 2.17477463e+02,
    2.22713562e+02, 2.23885071e+02, 2.29341156e+02, 2.30133331e+02,
    2.35938843e+02, 2.36384903e+02, 2.42421402e+02, 2.42599548e+02,
    2.48826294e+02, 2.48778961e+02, 2.55158585e+02, 2.54788437e+02,
    2.02313904e+02, 2.17379715e+02, 2.09182999e+02, 2.23779587e+02,
    2.15977234e+02, 2.30110275e+02, 2.22628754e+02, 2.36262009e+02,
    2.29212799e+02, 2.42557251e+02, 2.35713089e+02, 2.48684326e+02,
    2.42144974e+02, 2.54749496e+02, 2.48415390e+02, 2.60731750e+02,
    1.95632370e+02, 2.23657791e+02, 2.02479370e+02, 2.29960251e+02,
    2.09250183e+02, 2.36249741e+02, 2.15971802e+02, 2.42421234e+02,
    2.22552765e+02, 2.48580582e+02, 2.29103699e+02, 2.54676605e+02,
    2.35516891e+02, 2.60670135e+02, 2.41905807e+02, 2.66558136e+02,
    1.88894730e+02, 2.29877121e+02, 1.95791382e+02, 2.36233032e+02,
    2.02630493e+02, 2.42358475e+02, 2.09307373e+02, 2.48477753e+02,
    2.15976791e+02, 2.54625885e+02, 2.22411804e+02, 2.60641388e+02,
    2.28892929e+02, 2.66564789e+02, 2.35238739e+02, 2.72465698e+02,
    1.82235901e+02, 2.36105988e+02, 1.89161835e+02, 2.42377335e+02,
    1.95946167e+02, 2.48429443e+02, 2.02655563e+02, 2.54626587e+02,
    2.09296616e+02, 2.60701233e+02, 2.15837433e+02, 2.66583099e+02,
    2.22332291e+02, 2.72443909e+02, 2.28665558e+02, 2.78215790e+02,
    1.75704651e+02, 2.42277924e+02, 1.82590027e+02, 2.48360062e+02,
    1.89384003e+02, 2.54593353e+02, 1.96134308e+02, 2.60571228e+02,
    2.02780624e+02, 2.66591431e+02, 2.09312210e+02, 2.72427063e+02,
    2.15799484e+02, 2.78280518e+02, 2.22192825e+02, 2.83942596e+02,
    1.69183243e+02, 2.48321304e+02, 1.76063843e+02, 2.54428802e+02,
    1.82862183e+02, 2.60492615e+02, 1.89659790e+02, 2.66465088e+02,
    1.96310333e+02, 2.72392151e+02, 2.02891479e+02, 2.78207458e+02,
    2.09352707e+02, 2.83975281e+02, 2.15843124e+02, 2.89596008e+02,
    1.62597931e+02, 2.54406372e+02, 1.69599899e+02, 2.60453674e+02,
    1.76357224e+02, 2.66476196e+02, 1.83140427e+02, 2.72423981e+02,
    1.89873367e+02, 2.78203796e+02, 1.96437241e+02, 2.83992889e+02,
    2.02949600e+02, 2.89642303e+02, 2.09354248e+02, 2.95242065e+02 ]
