%YAML:1.0
---
points: [ 2.33009796e+02, 1.97621246e+02, 2.38426376e+02, 2.05026382e+02,
    2.43706955e+02, 2.12412979e+02, 2.48904358e+02, 2.19641693e+02,
    2.53905289e+02, 2.26716919e+02, 2.58945618e+02, 2.33675400e+02,
    2.63795349e+02, 2.40732376e+02, 2.68608215e+02, 2.47458679e+02,
    2.24831161e+02, 2.02223206e+02, 2.30249969e+02, 2.09647705e+02,
    2.35534012e+02, 2.17047745e+02, 2.40722549e+02, 2.24079865e+02,
    2.45898224e+02, 2.31001694e+02, 2.50915894e+02, 2.38077515e+02,
    2.55859787e+02, 2.44954575e+02, 2.60709747e+02, 2.51657547e+02,
    2.16594345e+02, 2.06931442e+02, 2.22153244e+02, 2.14250107e+02,
    2.27484314e+02, 2.21365143e+02, 2.32784454e+02, 2.28407715e+02,
    2.38009979e+02, 2.35442688e+02, 2.43003922e+02, 2.42332031e+02,
    2.48036530e+02, 2.49161835e+02, 2.52861664e+02, 2.55820374e+02,
    2.08644531e+02, 2.11447235e+02, 2.14164886e+02, 2.18740234e+02,
    2.19560974e+02, 2.25844955e+02, 2.24844376e+02, 2.32833038e+02,
    2.30094757e+02, 2.39743286e+02, 2.35220474e+02, 2.46567947e+02,
    2.40199310e+02, 2.53293777e+02, 2.45175446e+02, 2.59915527e+02,
    2.00630646e+02, 2.16085983e+02, 2.06200943e+02, 2.23257950e+02,
    2.11681442e+02, 2.30238800e+02, 2.17070602e+02, 2.37172241e+02,
    2.22290985e+02, 2.44129181e+02, 2.27452759e+02, 2.50832626e+02,
    2.32530991e+02, 2.57441681e+02, 2.37468094e+02, 2.64035034e+02,
    1.92825043e+02, 2.20476761e+02, 1.98396088e+02, 2.27652512e+02,
    2.03933212e+02, 2.34670273e+02, 2.09295105e+02, 2.41455017e+02,
    2.14606628e+02, 2.48368515e+02, 2.19807968e+02, 2.55071533e+02,
    2.24943176e+02, 2.61538971e+02, 2.30006363e+02, 2.68022247e+02,
    1.84964157e+02, 2.25039993e+02, 1.90671158e+02, 2.32090591e+02,
    1.96160965e+02, 2.39086365e+02, 2.01658829e+02, 2.45807632e+02,
    2.06961395e+02, 2.52606064e+02, 2.12210007e+02, 2.59210358e+02,
    2.17358032e+02, 2.65633911e+02, 2.22325760e+02, 2.72088226e+02,
    1.77234268e+02, 2.29458038e+02, 1.82989655e+02, 2.36440048e+02,
    1.88560791e+02, 2.43299667e+02, 1.93974014e+02, 2.50161636e+02,
    1.99347717e+02, 2.56824188e+02, 2.04623611e+02, 2.63317108e+02,
    2.09855728e+02, 2.69691223e+02, 2.14965973e+02, 2.75905273e+02,
    1.69588150e+02, 2.33913162e+02, 1.75314407e+02, 2.40805161e+02,
    1.80906219e+02, 2.47685532e+02, 1.86449280e+02, 2.54333649e+02,
    1.91812943e+02, 2.61027954e+02, 1.97168457e+02, 2.67352844e+02,
    2.02424316e+02, 2.73699158e+02, 2.07399780e+02, 2.79914520e+02,
    1.62189346e+02, 2.38114700e+02, 1.67846634e+02, 2.45103226e+02,
    1.73540817e+02, 2.51823471e+02, 1.79064896e+02, 2.58417450e+02,
    1.84459808e+02, 2.65031952e+02, 1.89867233e+02, 2.71345459e+02,
    1.95156937e+02, 2.77588837e+02, 2.00458389e+02, 2.83605652e+02,
    1.54508865e+02, 2.42465286e+02, 1.60411057e+02, 2.49241104e+02,
    1.66017609e+02, 2.56026855e+02, 1.71702911e+02, 2.62462311e+02,
    1.77073959e+02, 2.68965637e+02, 1.82635483e+02, 2.75251587e+02,
    1.87789719e+02, 2.81419861e+02, 1.93119873e+02, 2.87444550e+02 ]
