%YAML:1.0
---
points: [ 2.64300964e+02, 2.05306686e+02, 2.66643097e+02, 2.13327682e+02,
    2.68795563e+02, 2.21184784e+02, 2.70891632e+02, 2.28811279e+02,
    2.73016815e+02, 2.36339752e+02, 2.75063019e+02, 2.43825073e+02,
    2.77054474e+02, 2.51227325e+02, 2.79086823e+02, 2.58346924e+02,
    2.55161972e+02, 2.07252213e+02, 2.57409241e+02, 2.15084457e+02,
    2.59761108e+02, 2.22849686e+02, 2.62004700e+02, 2.30518692e+02,
    2.64179504e+02, 2.38057663e+02, 2.66299713e+02, 2.45520935e+02,
    2.68401062e+02, 2.52774323e+02, 2.70416351e+02, 2.59841034e+02,
    2.45988998e+02, 2.09037491e+02, 2.48450119e+02, 2.16891739e+02,
    2.50810165e+02, 2.24635559e+02, 2.53148407e+02, 2.32232620e+02,
    2.55389984e+02, 2.39767242e+02, 2.57638489e+02, 2.47158691e+02,
    2.59780884e+02, 2.54401016e+02, 2.61935577e+02, 2.61518585e+02,
    2.37063263e+02, 2.10823837e+02, 2.39496201e+02, 2.18721542e+02,
    2.42013412e+02, 2.26358459e+02, 2.44403305e+02, 2.33942154e+02,
    2.46724197e+02, 2.41478363e+02, 2.49057343e+02, 2.48824844e+02,
    2.51263275e+02, 2.56035767e+02, 2.53413681e+02, 2.63050018e+02,
    2.28025360e+02, 2.12678513e+02, 2.30648117e+02, 2.20541504e+02,
    2.33205490e+02, 2.28160858e+02, 2.35688797e+02, 2.35711060e+02,
    2.38136536e+02, 2.43242340e+02, 2.40422256e+02, 2.50454636e+02,
    2.42797882e+02, 2.57715363e+02, 2.45111191e+02, 2.64634552e+02,
    2.19171768e+02, 2.14458298e+02, 2.21807953e+02, 2.22306671e+02,
    2.24482285e+02, 2.29957581e+02, 2.27034073e+02, 2.37461792e+02,
    2.29571838e+02, 2.44860596e+02, 2.31988159e+02, 2.52157944e+02,
    2.34419098e+02, 2.59280457e+02, 2.36769089e+02, 2.66178833e+02,
    2.10336212e+02, 2.16286819e+02, 2.13132278e+02, 2.24122833e+02,
    2.15846268e+02, 2.31752884e+02, 2.18415833e+02, 2.39220551e+02,
    2.21010651e+02, 2.46610626e+02, 2.23574722e+02, 2.53818054e+02,
    2.26039520e+02, 2.60933014e+02, 2.28455841e+02, 2.67780975e+02,
    2.01563705e+02, 2.18185501e+02, 2.04368103e+02, 2.25947754e+02,
    2.07166641e+02, 2.33521500e+02, 2.09843750e+02, 2.41014984e+02,
    2.12517914e+02, 2.48298325e+02, 2.15156784e+02, 2.55498764e+02,
    2.17690521e+02, 2.62453796e+02, 2.20216904e+02, 2.69288300e+02,
    1.92765671e+02, 2.19974411e+02, 1.95728180e+02, 2.27724640e+02,
    1.98562210e+02, 2.35278473e+02, 2.01359741e+02, 2.42726822e+02,
    2.04110062e+02, 2.49999344e+02, 2.06787842e+02, 2.57156158e+02,
    2.09408417e+02, 2.64079865e+02, 2.11925629e+02, 2.70779663e+02,
    1.84227036e+02, 2.21654648e+02, 1.87145813e+02, 2.29365189e+02,
    1.90115341e+02, 2.36978912e+02, 1.92966736e+02, 2.44380936e+02,
    1.95813232e+02, 2.51580612e+02, 1.98499115e+02, 2.58665802e+02,
    2.01251480e+02, 2.65620972e+02, 2.03912827e+02, 2.72277832e+02,
    1.75395004e+02, 2.23429230e+02, 1.78562057e+02, 2.31175339e+02,
    1.81524796e+02, 2.38671616e+02, 1.84621033e+02, 2.46042282e+02,
    1.87369034e+02, 2.53159531e+02, 1.90305527e+02, 2.60224823e+02,
    1.92984711e+02, 2.67086517e+02, 1.95762863e+02, 2.73854401e+02 ]
