%YAML:1.0
---
points: [ 2.72921722e+02, 2.02105377e+02, 2.74576538e+02, 2.08397293e+02,
    2.76254425e+02, 2.15337372e+02, 2.78694427e+02, 2.25304092e+02,
    2.80123627e+02, 2.31683151e+02, 2.80123627e+02, 2.31683197e+02,
    2.83165375e+02, 2.44305481e+02, 2.83165405e+02, 2.44305511e+02,
    2.65444489e+02, 2.03352722e+02, 2.67243774e+02, 2.10680420e+02,
    2.68813354e+02, 2.17168335e+02, 2.70366669e+02, 2.23111603e+02,
    2.72862396e+02, 2.33108322e+02, 2.74461670e+02, 2.39368423e+02,
    2.74461700e+02, 2.39368469e+02, 2.76026642e+02, 2.45828033e+02,
    2.57854095e+02, 2.05158279e+02, 2.59753021e+02, 2.12022461e+02,
    2.61391113e+02, 2.18308365e+02, 2.63192871e+02, 2.25339188e+02,
    2.64844482e+02, 2.31300018e+02, 2.67429260e+02, 2.41129868e+02,
    2.68712860e+02, 2.47161179e+02, 2.68712860e+02, 2.47161194e+02,
    2.50560638e+02, 2.06454163e+02, 2.52242477e+02, 2.13346146e+02,
    2.55016312e+02, 2.23282196e+02, 2.55016327e+02, 2.23282242e+02,
    2.57706085e+02, 2.33490158e+02, 2.60046814e+02, 2.42293137e+02,
    2.60046844e+02, 2.42293167e+02, 2.61799805e+02, 2.48734390e+02,
    2.43062180e+02, 2.08342133e+02, 2.44912369e+02, 2.15117447e+02,
    2.46796463e+02, 2.21353729e+02, 2.49401428e+02, 2.30957718e+02,
    2.49401443e+02, 2.30957748e+02, 2.53115295e+02, 2.44254883e+02,
    2.54642914e+02, 2.50183411e+02, 2.54642929e+02, 2.50183456e+02,
    2.35690506e+02, 2.09734314e+02, 2.37746689e+02, 2.16748978e+02,
    2.39542389e+02, 2.23255188e+02, 2.41359924e+02, 2.29296997e+02,
    2.44143463e+02, 2.38990891e+02, 2.45812302e+02, 2.45577393e+02,
    2.47778458e+02, 2.51326569e+02, 2.47778473e+02, 2.51326599e+02,
    2.28303909e+02, 2.11398392e+02, 2.30329147e+02, 2.18212234e+02,
    2.32195480e+02, 2.24226654e+02, 2.34192017e+02, 2.31362305e+02,
    2.36931778e+02, 2.40656693e+02, 2.38872742e+02, 2.47125885e+02,
    2.38872757e+02, 2.47125916e+02, 2.40467682e+02, 2.52755783e+02,
    2.21066254e+02, 2.13153854e+02, 2.23120331e+02, 2.19418015e+02,
    2.25108292e+02, 2.26406326e+02, 2.27835739e+02, 2.35758331e+02,
    2.30057434e+02, 2.42521271e+02, 2.31657562e+02, 2.48308975e+02,
    2.33582199e+02, 2.54341782e+02, 2.33582230e+02, 2.54341827e+02,
    2.13742188e+02, 2.14565338e+02, 2.15853058e+02, 2.21286087e+02,
    2.17833282e+02, 2.27370728e+02, 2.20770615e+02, 2.36817886e+02,
    2.22764282e+02, 2.43598801e+02, 2.24763443e+02, 2.50015778e+02,
    2.26450256e+02, 2.55727081e+02, 2.26450272e+02, 2.55727112e+02,
    2.06595169e+02, 2.16028244e+02, 2.08566422e+02, 2.22727875e+02,
    2.10911346e+02, 2.29448410e+02, 2.12611588e+02, 2.35347641e+02,
    2.15838318e+02, 2.45165649e+02, 2.17573639e+02, 2.51336212e+02,
    2.19774536e+02, 2.56980804e+02, 2.19774536e+02, 2.56980835e+02,
    1.99130508e+02, 2.17649780e+02, 2.01627167e+02, 2.24443970e+02,
    2.04362656e+02, 2.33884964e+02, 2.06732162e+02, 2.40117706e+02,
    2.08600220e+02, 2.46374557e+02, 2.10968597e+02, 2.52706558e+02,
    2.10968613e+02, 2.52706604e+02, 2.12658005e+02, 2.58808136e+02 ]
