%YAML:1.0
---
points: [ 2.71696930e+02, 1.98254791e+02, 2.73520996e+02, 2.05161331e+02,
    2.75305511e+02, 2.12335464e+02, 2.77014252e+02, 2.18812317e+02,
    2.78743042e+02, 2.25322693e+02, 2.80318329e+02, 2.32166382e+02,
    2.82244446e+02, 2.39488251e+02, 2.82771332e+02, 2.42165924e+02,
    2.64488434e+02, 1.99874207e+02, 2.66241180e+02, 2.06734650e+02,
    2.68168457e+02, 2.14012772e+02, 2.69823975e+02, 2.20461761e+02,
    2.71513794e+02, 2.27179291e+02, 2.73280701e+02, 2.33446777e+02,
    2.74985321e+02, 2.40292892e+02, 2.76619934e+02, 2.46672348e+02,
    2.57195312e+02, 2.01685745e+02, 2.59180450e+02, 2.08450226e+02,
    2.60880646e+02, 2.15251266e+02, 2.62564392e+02, 2.22076233e+02,
    2.64474884e+02, 2.29037140e+02, 2.66262878e+02, 2.35290131e+02,
    2.68655365e+02, 2.45065994e+02, 2.68655426e+02, 2.45066086e+02,
    2.50166321e+02, 2.03066452e+02, 2.51987106e+02, 2.10391174e+02,
    2.53734253e+02, 2.17128601e+02, 2.55636017e+02, 2.23316360e+02,
    2.57337921e+02, 2.30268524e+02, 2.59213196e+02, 2.37263474e+02,
    2.60076691e+02, 2.40691757e+02, 2.61874878e+02, 2.46611313e+02,
    2.42776505e+02, 2.05011673e+02, 2.44802460e+02, 2.11819168e+02,
    2.46656418e+02, 2.18695007e+02, 2.48383835e+02, 2.25291580e+02,
    2.50320801e+02, 2.31696030e+02, 2.52221954e+02, 2.38291946e+02,
    2.54892609e+02, 2.48093307e+02, 2.54892624e+02, 2.48093399e+02,
    2.35822037e+02, 2.06520325e+02, 2.37511688e+02, 2.13278000e+02,
    2.39609253e+02, 2.20317108e+02, 2.41301376e+02, 2.27062531e+02,
    2.43393539e+02, 2.33152405e+02, 2.45256836e+02, 2.40345886e+02,
    2.47217575e+02, 2.46462311e+02, 2.49283844e+02, 2.52681808e+02,
    2.28543411e+02, 2.08344650e+02, 2.30450531e+02, 2.15109436e+02,
    2.32559631e+02, 2.21609772e+02, 2.34457214e+02, 2.28239029e+02,
    2.36321136e+02, 2.35252533e+02, 2.38191849e+02, 2.41319931e+02,
    2.40882889e+02, 2.51110886e+02, 2.40882935e+02, 2.51110947e+02,
    2.21427322e+02, 2.09875931e+02, 2.23492783e+02, 2.16929642e+02,
    2.25494217e+02, 2.23470383e+02, 2.27274307e+02, 2.29848129e+02,
    2.29292908e+02, 2.36773453e+02, 2.31222412e+02, 2.43339157e+02,
    2.34281036e+02, 2.52719437e+02, 2.34281052e+02, 2.52719467e+02,
    2.14342194e+02, 2.11646942e+02, 2.16453918e+02, 2.18305038e+02,
    2.18209976e+02, 2.25234909e+02, 2.20382156e+02, 2.31396408e+02,
    2.22227600e+02, 2.38044769e+02, 2.24001907e+02, 2.45000656e+02,
    2.26149460e+02, 2.51268936e+02, 2.27013885e+02, 2.53906128e+02,
    2.08014084e+02, 2.13218689e+02, 2.09531982e+02, 2.20105255e+02,
    2.11965424e+02, 2.26769623e+02, 2.13514954e+02, 2.33216171e+02,
    2.16971497e+02, 2.43355484e+02, 2.17452591e+02, 2.46320129e+02,
    2.20818344e+02, 2.55717651e+02, 2.27013367e+02, 2.53905685e+02,
    2.00359207e+02, 2.15021149e+02, 2.03048737e+02, 2.21629150e+02,
    2.04523727e+02, 2.28324341e+02, 2.07149658e+02, 2.35228455e+02,
    2.08626556e+02, 2.41254227e+02, 2.12034805e+02, 2.50988037e+02,
    2.13249756e+02, 2.57236389e+02, 2.13251389e+02, 2.57236816e+02 ]
