%YAML:1.0
---
points: [ 2.92746002e+02, 2.08670029e+02, 2.92162323e+02, 2.15629669e+02,
    2.91506531e+02, 2.22287430e+02, 2.91135284e+02, 2.25266525e+02,
    2.89865295e+02, 2.39207382e+02, 2.89480225e+02, 2.45141434e+02,
    2.88709503e+02, 2.51460907e+02, 2.88709503e+02, 2.51460938e+02,
    2.85026642e+02, 2.07918045e+02, 2.84508331e+02, 2.14742340e+02,
    2.83677673e+02, 2.24919037e+02, 2.83360138e+02, 2.28197952e+02,
    2.82748444e+02, 2.35164047e+02, 2.81828674e+02, 2.45072464e+02,
    2.81828674e+02, 2.45072479e+02, 2.81558746e+02, 2.50789551e+02,
    2.77232361e+02, 2.07264526e+02, 2.76758698e+02, 2.14245056e+02,
    2.76321747e+02, 2.20752090e+02, 2.75742737e+02, 2.30709656e+02,
    2.75373596e+02, 2.34110733e+02, 2.74694183e+02, 2.43760590e+02,
    2.74054291e+02, 2.50522186e+02, 2.74054260e+02, 2.50522217e+02,
    2.69700256e+02, 2.06707001e+02, 2.68853180e+02, 2.17544891e+02,
    2.68713348e+02, 2.20324356e+02, 2.68637177e+02, 2.23175552e+02,
    2.67756653e+02, 2.36895630e+02, 2.67756653e+02, 2.36895660e+02,
    2.66852386e+02, 2.49501526e+02, 2.66852386e+02, 2.49501572e+02,
    2.61765045e+02, 2.05875488e+02, 2.61664429e+02, 2.12793884e+02,
    2.60887939e+02, 2.23236496e+02, 2.60764160e+02, 2.29413864e+02,
    2.60764160e+02, 2.29413879e+02, 2.59885803e+02, 2.42895905e+02,
    2.59602386e+02, 2.48486298e+02, 2.59602386e+02, 2.48486313e+02,
    2.54360931e+02, 2.05290207e+02, 2.53870834e+02, 2.12294189e+02,
    2.53725189e+02, 2.18778122e+02, 2.53173065e+02, 2.28909363e+02,
    2.52913300e+02, 2.35745453e+02, 2.52622116e+02, 2.41723557e+02,
    2.52458557e+02, 2.48373093e+02, 2.52458557e+02, 2.48373123e+02,
    2.46717194e+02, 2.04733322e+02, 2.46593643e+02, 2.11779175e+02,
    2.45941940e+02, 2.21223160e+02, 2.45874237e+02, 2.25135788e+02,
    2.45576843e+02, 2.34781769e+02, 2.45524445e+02, 2.41200073e+02,
    2.45056870e+02, 2.47711182e+02, 2.45056870e+02, 2.47711212e+02,
    2.39093750e+02, 2.03991669e+02, 2.38811890e+02, 2.10831085e+02,
    2.38761826e+02, 2.18034439e+02, 2.38518875e+02, 2.26991791e+02,
    2.38225891e+02, 2.34771286e+02, 2.37937210e+02, 2.40795212e+02,
    2.37937195e+02, 2.40795242e+02, 2.37835861e+02, 2.47186554e+02,
    2.31650299e+02, 2.03455490e+02, 2.31536591e+02, 2.10650375e+02,
    2.31274582e+02, 2.17249771e+02, 2.31076447e+02, 2.26942490e+02,
    2.30763412e+02, 2.33738113e+02, 2.30823578e+02, 2.40396255e+02,
    2.30686829e+02, 2.46601257e+02, 2.30686829e+02, 2.46601273e+02,
    2.24061050e+02, 2.02864304e+02, 2.23882355e+02, 2.09742157e+02,
    2.23860336e+02, 2.19716644e+02, 2.23794708e+02, 2.23420593e+02,
    2.23702011e+02, 2.26343979e+02, 2.23777832e+02, 2.33260239e+02,
    2.23680862e+02, 2.45461258e+02, 2.23680847e+02, 2.45461273e+02,
    2.16525284e+02, 2.02080444e+02, 2.16469925e+02, 2.08769882e+02,
    2.16517899e+02, 2.15946945e+02, 2.16606186e+02, 2.25380966e+02,
    2.16506744e+02, 2.29468918e+02, 2.16615875e+02, 2.38845978e+02,
    2.16615875e+02, 2.38845993e+02, 2.16268890e+02, 2.44743591e+02 ]
