%YAML:1.0
---
points: [ 2.94771179e+02, 2.05039139e+02, 2.94229553e+02, 2.12216660e+02,
    2.93508820e+02, 2.19254639e+02, 2.92832550e+02, 2.26174210e+02,
    2.92165924e+02, 2.33117294e+02, 2.91539185e+02, 2.39884964e+02,
    2.90844574e+02, 2.46891708e+02, 2.90192719e+02, 2.53526291e+02,
    2.87310028e+02, 2.04513046e+02, 2.86640717e+02, 2.11599319e+02,
    2.86002167e+02, 2.18627197e+02, 2.85422333e+02, 2.25654099e+02,
    2.84772552e+02, 2.32532791e+02, 2.84128784e+02, 2.39352020e+02,
    2.83590210e+02, 2.45968735e+02, 2.82929077e+02, 2.52954834e+02,
    2.79680084e+02, 2.03752075e+02, 2.79149445e+02, 2.10788940e+02,
    2.78606995e+02, 2.17914642e+02, 2.77976410e+02, 2.24770203e+02,
    2.77484283e+02, 2.31863663e+02, 2.76834869e+02, 2.38714890e+02,
    2.75894531e+02, 2.48744186e+02, 2.75894531e+02, 2.48744217e+02,
    2.72228943e+02, 2.02988144e+02, 2.71659607e+02, 2.10180832e+02,
    2.71126526e+02, 2.17201019e+02, 2.70651398e+02, 2.24205399e+02,
    2.70068207e+02, 2.31070267e+02, 2.69626068e+02, 2.37894043e+02,
    2.69044525e+02, 2.44785706e+02, 2.68660370e+02, 2.51616989e+02,
    2.64674164e+02, 2.02474655e+02, 2.64236298e+02, 2.09618973e+02,
    2.63714600e+02, 2.16650604e+02, 2.63249237e+02, 2.23685944e+02,
    2.62736511e+02, 2.30483932e+02, 2.62333344e+02, 2.37406082e+02,
    2.61784668e+02, 2.44088120e+02, 2.61552582e+02, 2.46856018e+02,
    2.57295319e+02, 2.01778748e+02, 2.56769836e+02, 2.08772156e+02,
    2.56436920e+02, 2.16035202e+02, 2.55829651e+02, 2.22799088e+02,
    2.55585938e+02, 2.29821548e+02, 2.54916306e+02, 2.36700272e+02,
    2.54611755e+02, 2.46395798e+02, 2.54611755e+02, 2.46395844e+02,
    2.49781265e+02, 2.01051453e+02, 2.49533875e+02, 2.08358734e+02,
    2.48958862e+02, 2.15383789e+02, 2.48684540e+02, 2.22411255e+02,
    2.48219757e+02, 2.29210388e+02, 2.47767868e+02, 2.35784409e+02,
    2.47522171e+02, 2.42876617e+02, 2.46900009e+02, 2.49402496e+02,
    2.42463684e+02, 2.00665268e+02, 2.41948135e+02, 2.07685516e+02,
    2.41681519e+02, 2.14771210e+02, 2.41332169e+02, 2.21795364e+02,
    2.40898590e+02, 2.28735474e+02, 2.40638870e+02, 2.35611786e+02,
    2.40509750e+02, 2.38351929e+02, 2.39802719e+02, 2.48763580e+02,
    2.34920807e+02, 1.99837814e+02, 2.34715698e+02, 2.06861557e+02,
    2.34433060e+02, 2.14171860e+02, 2.33965347e+02, 2.21017853e+02,
    2.33711563e+02, 2.27923553e+02, 2.33430847e+02, 2.34790833e+02,
    2.32751389e+02, 2.44848557e+02, 2.32751389e+02, 2.44848587e+02,
    2.27745575e+02, 1.99257660e+02, 2.27462234e+02, 2.06433075e+02,
    2.27058517e+02, 2.13570496e+02, 2.26759750e+02, 2.20527359e+02,
    2.26616699e+02, 2.27371185e+02, 2.26236740e+02, 2.34103363e+02,
    2.25916046e+02, 2.41415543e+02, 2.25697189e+02, 2.47238678e+02,
    2.20362625e+02, 1.98715408e+02, 2.20044800e+02, 2.05696701e+02,
    2.19730499e+02, 2.12807251e+02, 2.19605896e+02, 2.19834610e+02,
    2.19348892e+02, 2.26671570e+02, 2.18968719e+02, 2.37129150e+02,
    2.18968719e+02, 2.37129181e+02, 2.18615479e+02, 2.43331207e+02 ]
