%YAML:1.0
---
points: [ 3.12422882e+02, 2.12299576e+02, 3.10030365e+02, 2.19225540e+02,
    3.07197998e+02, 2.25597809e+02, 3.04704407e+02, 2.32406097e+02,
    3.01874908e+02, 2.39122314e+02, 2.99432587e+02, 2.45391861e+02,
    2.97052368e+02, 2.51581131e+02, 2.94522034e+02, 2.57580536e+02,
    3.05438507e+02, 2.09843185e+02, 3.02726898e+02, 2.16606705e+02,
    3.00214935e+02, 2.23240082e+02, 2.97606781e+02, 2.29616425e+02,
    2.95147949e+02, 2.36352661e+02, 2.92339691e+02, 2.43219910e+02,
    2.90122772e+02, 2.49276276e+02, 2.87768463e+02, 2.55771011e+02,
    2.98197449e+02, 2.07298065e+02, 2.95714996e+02, 2.13905182e+02,
    2.93082184e+02, 2.20386276e+02, 2.90464355e+02, 2.27440414e+02,
    2.88160553e+02, 2.33278290e+02, 2.85409241e+02, 2.40821579e+02,
    2.83152954e+02, 2.46808304e+02, 2.81135040e+02, 2.52514328e+02,
    2.91175018e+02, 2.04699844e+02, 2.88443146e+02, 2.11527435e+02,
    2.86166351e+02, 2.18098602e+02, 2.83516663e+02, 2.24503296e+02,
    2.81161285e+02, 2.31392395e+02, 2.79056702e+02, 2.37006821e+02,
    2.76245178e+02, 2.44703735e+02, 2.74628967e+02, 2.48942230e+02,
    2.83945038e+02, 2.01942413e+02, 2.81394012e+02, 2.08944321e+02,
    2.79135406e+02, 2.15506607e+02, 2.76632599e+02, 2.22107925e+02,
    2.74173553e+02, 2.28446426e+02, 2.71853363e+02, 2.35336151e+02,
    2.69225830e+02, 2.41859070e+02, 2.67348969e+02, 2.47357681e+02,
    2.76906525e+02, 1.99620163e+02, 2.74329559e+02, 2.06195221e+02,
    2.72160309e+02, 2.13255173e+02, 2.69634674e+02, 2.19310562e+02,
    2.67301819e+02, 2.26433777e+02, 2.65217743e+02, 2.32283966e+02,
    2.62409760e+02, 2.39578979e+02, 2.60433929e+02, 2.44939224e+02,
    2.69965088e+02, 1.96856522e+02, 2.67337250e+02, 2.03630035e+02,
    2.65114716e+02, 2.10380600e+02, 2.62537109e+02, 2.17564911e+02,
    2.60289032e+02, 2.23441376e+02, 2.58191498e+02, 2.30206100e+02,
    2.55669907e+02, 2.36440445e+02, 2.53833160e+02, 2.42186539e+02,
    2.62776825e+02, 1.94437408e+02, 2.60340942e+02, 2.01316910e+02,
    2.58227051e+02, 2.07543350e+02, 2.55684525e+02, 2.14858887e+02,
    2.53257019e+02, 2.21761581e+02, 2.51168777e+02, 2.27417557e+02,
    2.49274780e+02, 2.33456894e+02, 2.46629868e+02, 2.40284210e+02,
    2.55706467e+02, 1.91914978e+02, 2.53260941e+02, 1.98521988e+02,
    2.51115616e+02, 2.05341278e+02, 2.48808624e+02, 2.12622375e+02,
    2.46425720e+02, 2.19105042e+02, 2.44232758e+02, 2.25709610e+02,
    2.42160660e+02, 2.31288589e+02, 2.40428574e+02, 2.36613953e+02,
    2.48811966e+02, 1.89571411e+02, 2.46467560e+02, 1.96220901e+02,
    2.44267609e+02, 2.02811172e+02, 2.42244568e+02, 2.09043823e+02,
    2.39859634e+02, 2.16363708e+02, 2.37597107e+02, 2.22473831e+02,
    2.35344086e+02, 2.29508423e+02, 2.33472061e+02, 2.35368530e+02,
    2.41813324e+02, 1.86794937e+02, 2.39389282e+02, 1.93863937e+02,
    2.37352097e+02, 2.00200684e+02, 2.35235413e+02, 2.06788208e+02,
    2.33294937e+02, 2.13124924e+02, 2.31100494e+02, 2.19414841e+02,
    2.28585785e+02, 2.26403275e+02, 2.26734375e+02, 2.32132416e+02 ]
