%YAML:1.0
---
points: [ 3.18405548e+02, 2.14445801e+02, 3.15144287e+02, 2.20681549e+02,
    3.11219513e+02, 2.26889969e+02, 3.08064697e+02, 2.32986908e+02,
    3.04249298e+02, 2.39239029e+02, 3.01172119e+02, 2.45211899e+02,
    2.97414307e+02, 2.51274963e+02, 2.94469788e+02, 2.56526886e+02,
    3.11978973e+02, 2.11109741e+02, 3.08341370e+02, 2.17261856e+02,
    3.05071106e+02, 2.23171585e+02, 3.01292816e+02, 2.29734451e+02,
    2.98185791e+02, 2.35565552e+02, 2.94624603e+02, 2.41793762e+02,
    2.91402100e+02, 2.47692474e+02, 2.88495697e+02, 2.53536026e+02,
    3.04925751e+02, 2.07305435e+02, 3.01677948e+02, 2.13824310e+02,
    2.98180145e+02, 2.20119247e+02, 2.94825012e+02, 2.26190887e+02,
    2.91269501e+02, 2.32671722e+02, 2.88217499e+02, 2.38266571e+02,
    2.84730133e+02, 2.44571396e+02, 2.81595673e+02, 2.49864380e+02,
    2.98367767e+02, 2.04371429e+02, 2.95028717e+02, 2.10287582e+02,
    2.91305969e+02, 2.16926453e+02, 2.88230408e+02, 2.22859802e+02,
    2.84944977e+02, 2.29049316e+02, 2.81402069e+02, 2.35297104e+02,
    2.78269806e+02, 2.41175049e+02, 2.75490112e+02, 2.46838257e+02,
    2.91218567e+02, 2.00446640e+02, 2.88239502e+02, 2.06969864e+02,
    2.84821503e+02, 2.13290207e+02, 2.81407166e+02, 2.19607193e+02,
    2.78165771e+02, 2.25734970e+02, 2.75272736e+02, 2.31742447e+02,
    2.72162720e+02, 2.37666992e+02, 2.68850494e+02, 2.43110397e+02,
    2.84914917e+02, 1.97464462e+02, 2.81249939e+02, 2.03722824e+02,
    2.78298645e+02, 2.09961288e+02, 2.75154846e+02, 2.16168503e+02,
    2.71556854e+02, 2.22603394e+02, 2.68374451e+02, 2.28748337e+02,
    2.65282806e+02, 2.34816437e+02, 2.62376129e+02, 2.40078430e+02,
    2.78100830e+02, 1.93835083e+02, 2.74720642e+02, 2.00262360e+02,
    2.71206299e+02, 2.06888260e+02, 2.68346344e+02, 2.13145233e+02,
    2.65124817e+02, 2.19210815e+02, 2.62108002e+02, 2.25163040e+02,
    2.58799164e+02, 2.31241928e+02, 2.55756241e+02, 2.36544876e+02,
    2.71237122e+02, 1.90764709e+02, 2.68134216e+02, 1.96687027e+02,
    2.65054108e+02, 2.03092270e+02, 2.61711243e+02, 2.09602142e+02,
    2.58195892e+02, 2.16346634e+02, 2.55234802e+02, 2.22247299e+02,
    2.52295090e+02, 2.28133957e+02, 2.49677429e+02, 2.33375076e+02,
    2.64524628e+02, 1.87435272e+02, 2.61262878e+02, 1.93663895e+02,
    2.58222412e+02, 2.00051605e+02, 2.55093323e+02, 2.06242462e+02,
    2.52085510e+02, 2.12525711e+02, 2.49093140e+02, 2.18781784e+02,
    2.46034286e+02, 2.24705368e+02, 2.42757370e+02, 2.29598022e+02,
    2.58164703e+02, 1.84091293e+02, 2.54834564e+02, 1.90255478e+02,
    2.51411713e+02, 1.96687225e+02, 2.48585037e+02, 2.02861237e+02,
    2.45465805e+02, 2.09354218e+02, 2.42464478e+02, 2.15713394e+02,
    2.39539795e+02, 2.21515610e+02, 2.36339310e+02, 2.27421585e+02,
    2.51213531e+02, 1.80508163e+02, 2.48122223e+02, 1.86529251e+02,
    2.45205246e+02, 1.93098633e+02, 2.42054550e+02, 1.99451279e+02,
    2.39203491e+02, 2.05603714e+02, 2.35812302e+02, 2.12219543e+02,
    2.33349106e+02, 2.18037064e+02, 2.30384964e+02, 2.24184433e+02 ]
