%YAML:1.0
---
points: [ 2.48366226e+02, 1.88241913e+02, 2.52367233e+02, 1.93948730e+02,
    2.56750580e+02, 2.00216599e+02, 2.60613983e+02, 2.06138489e+02,
    2.65013733e+02, 2.12481003e+02, 2.68622803e+02, 2.18302826e+02,
    2.73053406e+02, 2.24381699e+02, 2.76458893e+02, 2.30336990e+02,
    2.42358978e+02, 1.91657623e+02, 2.46364975e+02, 1.97843445e+02,
    2.50690155e+02, 2.03810837e+02, 2.54672302e+02, 2.09812851e+02,
    2.58636383e+02, 2.16090851e+02, 2.62794403e+02, 2.21865753e+02,
    2.66796814e+02, 2.27844193e+02, 2.70904266e+02, 2.33386398e+02,
    2.36124725e+02, 1.95646179e+02, 2.40479996e+02, 2.01431458e+02,
    2.44479202e+02, 2.07444534e+02, 2.48669495e+02, 2.13405640e+02,
    2.52676910e+02, 2.19471359e+02, 2.56767944e+02, 2.25284988e+02,
    2.60788666e+02, 2.31282425e+02, 2.64575470e+02, 2.37114059e+02,
    2.30483948e+02, 1.98920074e+02, 2.34524567e+02, 2.04998779e+02,
    2.38643295e+02, 2.11042007e+02, 2.42667572e+02, 2.17009827e+02,
    2.46649368e+02, 2.23027802e+02, 2.50688278e+02, 2.28843201e+02,
    2.54707657e+02, 2.34595734e+02, 2.58778778e+02, 2.40141113e+02,
    2.24221329e+02, 2.02992966e+02, 2.28500854e+02, 2.08687073e+02,
    2.32615601e+02, 2.14664719e+02, 2.36667786e+02, 2.20584778e+02,
    2.40721603e+02, 2.26524643e+02, 2.44875458e+02, 2.32144424e+02,
    2.48690552e+02, 2.38125732e+02, 2.52570389e+02, 2.43882858e+02,
    2.18800751e+02, 2.06189407e+02, 2.22680527e+02, 2.12246521e+02,
    2.26870193e+02, 2.18189194e+02, 2.30791809e+02, 2.23984116e+02,
    2.34905853e+02, 2.29928406e+02, 2.38934860e+02, 2.35709854e+02,
    2.42944397e+02, 2.41325485e+02, 2.47151474e+02, 2.46613159e+02,
    2.12551361e+02, 2.10186935e+02, 2.16813614e+02, 2.15829102e+02,
    2.20883560e+02, 2.21678604e+02, 2.25122192e+02, 2.27464493e+02,
    2.29003143e+02, 2.33302490e+02, 2.33067993e+02, 2.39036224e+02,
    2.36925858e+02, 2.44873199e+02, 2.40678421e+02, 2.50330719e+02,
    2.07103302e+02, 2.13334732e+02, 2.11012421e+02, 2.19392502e+02,
    2.15052292e+02, 2.25120636e+02, 2.19140640e+02, 2.30997375e+02,
    2.23277603e+02, 2.36646118e+02, 2.27339066e+02, 2.42446350e+02,
    2.31132080e+02, 2.48331161e+02, 2.35671982e+02, 2.52457886e+02,
    2.01004318e+02, 2.17562057e+02, 2.05546997e+02, 2.22667892e+02,
    2.09594391e+02, 2.28482193e+02, 2.13454208e+02, 2.34340958e+02,
    2.17134293e+02, 2.40224258e+02, 2.21649826e+02, 2.45708817e+02,
    2.25497452e+02, 2.51233597e+02, 2.29357803e+02, 2.56718567e+02,
    1.96169174e+02, 2.20226639e+02, 1.99861954e+02, 2.26167694e+02,
    2.03549057e+02, 2.32544403e+02, 2.08340652e+02, 2.37467331e+02,
    2.12007553e+02, 2.43493713e+02, 2.15790741e+02, 2.49259064e+02,
    2.20169327e+02, 2.54353958e+02, 2.23713348e+02, 2.60168091e+02,
    1.89527023e+02, 2.24156998e+02, 1.95340988e+02, 2.29516510e+02,
    1.98031799e+02, 2.35000443e+02, 2.03668915e+02, 2.40900284e+02,
    2.06206268e+02, 2.46252274e+02, 2.11981247e+02, 2.52331467e+02,
    2.14140503e+02, 2.57250000e+02, 2.19124268e+02, 2.63297882e+02 ]
