%YAML:1.0
---
points: [ 2.16650986e+02, 1.92642441e+02, 2.21545959e+02, 1.97491135e+02,
    2.26824982e+02, 2.03198288e+02, 2.31186722e+02, 2.08309814e+02,
    2.36735001e+02, 2.13831421e+02, 2.40891190e+02, 2.19339264e+02,
    2.46257736e+02, 2.24624130e+02, 2.50095688e+02, 2.29640991e+02,
    2.11585266e+02, 1.96216690e+02, 2.16525513e+02, 2.01776855e+02,
    2.21568207e+02, 2.06914612e+02, 2.26351608e+02, 2.12306396e+02,
    2.31123322e+02, 2.17759247e+02, 2.35935303e+02, 2.23244431e+02,
    2.40732635e+02, 2.28388306e+02, 2.46964508e+02, 2.44081116e+02,
    2.05973373e+02, 2.00741379e+02, 2.11128647e+02, 2.06083374e+02,
    2.15928360e+02, 2.11600754e+02, 2.20768677e+02, 2.16762192e+02,
    2.25869476e+02, 2.22064362e+02, 2.30508362e+02, 2.27280853e+02,
    2.35586380e+02, 2.32432205e+02, 2.39845154e+02, 2.37554779e+02,
    2.01519226e+02, 2.04478668e+02, 2.05869995e+02, 2.10325653e+02,
    2.10882782e+02, 2.15473694e+02, 2.15836792e+02, 2.20730576e+02,
    2.20155289e+02, 2.26758972e+02, 2.25592865e+02, 2.30991531e+02,
    2.30513443e+02, 2.35912979e+02, 2.39845154e+02, 2.37554794e+02,
    1.95461456e+02, 2.09606186e+02, 2.00815384e+02, 2.14295670e+02,
    2.05906372e+02, 2.19556473e+02, 2.10494843e+02, 2.24986313e+02,
    2.15539749e+02, 2.29995590e+02, 2.20492569e+02, 2.34868256e+02,
    2.24050873e+02, 2.41115067e+02, 2.29002075e+02, 2.45286545e+02,
    1.91353378e+02, 2.12909637e+02, 1.95565933e+02, 2.18460358e+02,
    2.00985260e+02, 2.23368347e+02, 2.05714798e+02, 2.28644089e+02,
    2.09728775e+02, 2.34685364e+02, 2.14538010e+02, 2.39585571e+02,
    2.19564148e+02, 2.44801270e+02, 2.25263580e+02, 2.46860092e+02,
    1.85141739e+02, 2.18482773e+02, 1.90931595e+02, 2.22235153e+02,
    1.95131027e+02, 2.27918411e+02, 2.00058701e+02, 2.33156860e+02,
    2.04981461e+02, 2.38083572e+02, 2.09423615e+02, 2.43383987e+02,
    2.15729858e+02, 2.47129944e+02, 2.15236633e+02, 2.54014191e+02,
    1.81344696e+02, 2.21141953e+02, 1.85566223e+02, 2.26681015e+02,
    1.89875610e+02, 2.32284973e+02, 1.94441742e+02, 2.37397491e+02,
    1.99486130e+02, 2.42948059e+02, 2.03966232e+02, 2.47801758e+02,
    2.08636703e+02, 2.54517380e+02, 2.15236572e+02, 2.54014267e+02,
    1.74580383e+02, 2.28518204e+02, 1.81746857e+02, 2.29729752e+02,
    1.86149261e+02, 2.35157181e+02, 1.89428574e+02, 2.41489273e+02,
    1.94262283e+02, 2.48591751e+02, 2.01141937e+02, 2.49499161e+02,
    2.05882919e+02, 2.54538879e+02, 2.10948959e+02, 2.57459747e+02,
    1.72495804e+02, 2.28738754e+02, 1.72268539e+02, 2.37171402e+02,
    1.79339020e+02, 2.42457565e+02, 1.83926239e+02, 2.46847916e+02,
    1.89124283e+02, 2.50399200e+02, 1.99452820e+02, 2.51339569e+02,
    1.94948135e+02, 2.60497040e+02, 2.04095276e+02, 2.64157379e+02,
    1.65768448e+02, 2.33178741e+02, 1.72268372e+02, 2.37185654e+02,
    1.76453522e+02, 2.41966324e+02, 1.83588364e+02, 2.47086151e+02,
    1.86178314e+02, 2.50540588e+02, 1.92192825e+02, 2.57095367e+02,
    1.94947998e+02, 2.60496796e+02, 2.00742828e+02, 2.64707825e+02 ]
