%YAML:1.0
---
points: [ 1.91345566e+02, 1.98572540e+02, 1.96259933e+02, 2.04240219e+02,
    2.01468063e+02, 2.10193588e+02, 2.06095490e+02, 2.16032379e+02,
    2.11318726e+02, 2.21841949e+02, 2.15825317e+02, 2.27441620e+02,
    2.21024796e+02, 2.33319855e+02, 2.25269974e+02, 2.39023270e+02,
    1.85615067e+02, 2.02822662e+02, 1.90611771e+02, 2.08798172e+02,
    1.95562241e+02, 2.14543808e+02, 2.00581757e+02, 2.20319153e+02,
    2.05513351e+02, 2.26098465e+02, 2.10336609e+02, 2.31764420e+02,
    2.15103134e+02, 2.37451401e+02, 2.19973312e+02, 2.42925781e+02,
    1.79742004e+02, 2.07521790e+02, 1.84940125e+02, 2.13074753e+02,
    1.89783859e+02, 2.19053818e+02, 1.94795547e+02, 2.24675827e+02,
    1.99779663e+02, 2.30374222e+02, 2.04468307e+02, 2.36169540e+02,
    2.09362823e+02, 2.41697556e+02, 2.13941483e+02, 2.47383652e+02,
    1.74160278e+02, 2.11852768e+02, 1.79161850e+02, 2.17643814e+02,
    1.84274612e+02, 2.23254028e+02, 1.89114807e+02, 2.29073120e+02,
    1.94019638e+02, 2.34759949e+02, 1.98986237e+02, 2.40279556e+02,
    2.03674973e+02, 2.45945221e+02, 2.08649506e+02, 2.51126190e+02,
    1.68333603e+02, 2.16360641e+02, 1.73483322e+02, 2.22082352e+02,
    1.78495041e+02, 2.27733932e+02, 1.83463318e+02, 2.33307297e+02,
    1.88248810e+02, 2.39151077e+02, 1.93238968e+02, 2.44571045e+02,
    1.97985138e+02, 2.50140106e+02, 2.02647568e+02, 2.55717468e+02,
    1.62909912e+02, 2.20417419e+02, 1.67844788e+02, 2.26293182e+02,
    1.72816528e+02, 2.32077316e+02, 1.77821381e+02, 2.37544907e+02,
    1.82804291e+02, 2.43178253e+02, 1.87566513e+02, 2.48815063e+02,
    1.92454727e+02, 2.54280014e+02, 1.97521255e+02, 2.59265381e+02,
    1.57029602e+02, 2.25221497e+02, 1.62334915e+02, 2.30500839e+02,
    1.67205490e+02, 2.36290482e+02, 1.72088303e+02, 2.41944824e+02,
    1.77057037e+02, 2.47462265e+02, 1.81889191e+02, 2.53090500e+02,
    1.86737625e+02, 2.58391571e+02, 1.91337814e+02, 2.63894836e+02,
    1.51794937e+02, 2.29175903e+02, 1.56573257e+02, 2.35036453e+02,
    1.61683533e+02, 2.40556351e+02, 1.66590591e+02, 2.46224350e+02,
    1.71541306e+02, 2.51668213e+02, 1.76370041e+02, 2.57206055e+02,
    1.81330124e+02, 2.62524506e+02, 1.86278946e+02, 2.67514313e+02,
    1.45796799e+02, 2.33944077e+02, 1.51192566e+02, 2.39175812e+02,
    1.56069122e+02, 2.44802185e+02, 1.61064087e+02, 2.50324585e+02,
    1.65932343e+02, 2.55937637e+02, 1.70919098e+02, 2.61236969e+02,
    1.75572281e+02, 2.66780151e+02, 1.80188934e+02, 2.72007751e+02,
    1.41062439e+02, 2.37625031e+02, 1.45781952e+02, 2.43333725e+02,
    1.50665176e+02, 2.48991791e+02, 1.55647171e+02, 2.54344757e+02,
    1.60430908e+02, 2.59989075e+02, 1.65214905e+02, 2.65438019e+02,
    1.70369415e+02, 2.70589630e+02, 1.75675568e+02, 2.74937592e+02,
    1.34994812e+02, 2.42169327e+02, 1.40745041e+02, 2.47395309e+02,
    1.45121078e+02, 2.52977859e+02, 1.50789322e+02, 2.58304504e+02,
    1.54980042e+02, 2.63786041e+02, 1.60693405e+02, 2.69167084e+02,
    1.64772446e+02, 2.74231476e+02, 1.70130508e+02, 2.79853333e+02 ]
