%YAML:1.0
---
points: [ 2.16268738e+02, 1.90303192e+02, 2.21156342e+02, 1.97342728e+02,
    2.25957611e+02, 2.04351364e+02, 2.30606293e+02, 2.11262436e+02,
    2.35247162e+02, 2.18279068e+02, 2.39794846e+02, 2.25146896e+02,
    2.44333313e+02, 2.31874054e+02, 2.48820679e+02, 2.38529083e+02,
    2.09033035e+02, 1.94725693e+02, 2.13855621e+02, 2.01782944e+02,
    2.18636200e+02, 2.08688324e+02, 2.23361252e+02, 2.15645020e+02,
    2.28098740e+02, 2.22554245e+02, 2.32682968e+02, 2.29302124e+02,
    2.37204544e+02, 2.36056702e+02, 2.41665176e+02, 2.42609665e+02,
    2.01722382e+02, 1.99163620e+02, 2.06675644e+02, 2.06148407e+02,
    2.11402359e+02, 2.13104156e+02, 2.16174866e+02, 2.19966797e+02,
    2.20950912e+02, 2.26876770e+02, 2.25560165e+02, 2.33390259e+02,
    2.30110733e+02, 2.40261612e+02, 2.34633926e+02, 2.46820648e+02,
    1.94554245e+02, 2.03393173e+02, 1.99436829e+02, 2.10391510e+02,
    2.04267380e+02, 2.17367828e+02, 2.09112595e+02, 2.24222717e+02,
    2.13746536e+02, 2.31071625e+02, 2.18509933e+02, 2.37612915e+02,
    2.23099411e+02, 2.44323257e+02, 2.27601135e+02, 2.50850723e+02,
    1.87277786e+02, 2.07941803e+02, 1.92280319e+02, 2.14844803e+02,
    1.97160309e+02, 2.21726959e+02, 2.02030777e+02, 2.28453964e+02,
    2.06702362e+02, 2.35246811e+02, 2.11392303e+02, 2.41887344e+02,
    2.16081085e+02, 2.48450272e+02, 2.20609650e+02, 2.54989731e+02,
    1.80239151e+02, 2.12232880e+02, 1.85142303e+02, 2.19180939e+02,
    1.90084915e+02, 2.25961334e+02, 1.94899323e+02, 2.32760361e+02,
    1.99751541e+02, 2.39345993e+02, 2.04435410e+02, 2.46030746e+02,
    2.09166290e+02, 2.52533340e+02, 2.13775085e+02, 2.59012451e+02,
    1.73183594e+02, 2.16524490e+02, 1.78104324e+02, 2.23374252e+02,
    1.83084290e+02, 2.30237610e+02, 1.87839966e+02, 2.36992432e+02,
    1.92718582e+02, 2.43581451e+02, 1.97409332e+02, 2.50138931e+02,
    2.02131073e+02, 2.56664673e+02, 2.06669922e+02, 2.63104828e+02,
    1.66016220e+02, 2.20913498e+02, 1.71008194e+02, 2.27792618e+02,
    1.76021408e+02, 2.34408691e+02, 1.80817520e+02, 2.41228836e+02,
    1.85720795e+02, 2.47764664e+02, 1.90468674e+02, 2.54296097e+02,
    1.95223785e+02, 2.60722961e+02, 1.99873138e+02, 2.67072815e+02,
    1.58929230e+02, 2.25243790e+02, 1.64042725e+02, 2.32044952e+02,
    1.69025635e+02, 2.38708588e+02, 1.73923737e+02, 2.45314682e+02,
    1.78667053e+02, 2.51974579e+02, 1.83542358e+02, 2.58352325e+02,
    1.88290527e+02, 2.64837616e+02, 1.92878281e+02, 2.71090912e+02,
    1.52164520e+02, 2.29395813e+02, 1.57124466e+02, 2.36203079e+02,
    1.62115784e+02, 2.42833923e+02, 1.67077133e+02, 2.49432938e+02,
    1.71903748e+02, 2.56077118e+02, 1.76728729e+02, 2.62382324e+02,
    1.81546066e+02, 2.68721222e+02, 1.86400574e+02, 2.74897217e+02,
    1.45026367e+02, 2.33700455e+02, 1.50280930e+02, 2.40328720e+02,
    1.55117767e+02, 2.47018677e+02, 1.60228882e+02, 2.53567749e+02,
    1.64983078e+02, 2.60054413e+02, 1.70051651e+02, 2.66349670e+02,
    1.74658905e+02, 2.72667816e+02, 1.79577393e+02, 2.78842041e+02 ]
