%YAML:1.0
---
points: [ 2.88132263e+02, 1.91729446e+02, 2.91353149e+02, 1.98952682e+02,
    2.94448883e+02, 2.06177032e+02, 2.97594940e+02, 2.13394882e+02,
    3.00641327e+02, 2.20300720e+02, 3.03662720e+02, 2.27179001e+02,
    3.06706543e+02, 2.34201736e+02, 3.09560303e+02, 2.40691727e+02,
    2.79942413e+02, 1.95127838e+02, 2.83205933e+02, 2.02368790e+02,
    2.86375610e+02, 2.09550537e+02, 2.89627014e+02, 2.16687637e+02,
    2.92741913e+02, 2.23546555e+02, 2.95784424e+02, 2.30420395e+02,
    2.98840607e+02, 2.37288254e+02, 3.01756470e+02, 2.43640106e+02,
    2.71745972e+02, 1.98541534e+02, 2.75153107e+02, 2.05800095e+02,
    2.78335083e+02, 2.13021255e+02, 2.81603149e+02, 2.20004623e+02,
    2.84799103e+02, 2.26979553e+02, 2.88029999e+02, 2.33682190e+02,
    2.91125031e+02, 2.40589401e+02, 2.94110016e+02, 2.47089020e+02,
    2.63694092e+02, 2.01965027e+02, 2.67058563e+02, 2.09209274e+02,
    2.70371735e+02, 2.16255539e+02, 2.73707275e+02, 2.23220978e+02,
    2.77010437e+02, 2.30189850e+02, 2.80197357e+02, 2.37009445e+02,
    2.83346619e+02, 2.43440735e+02, 2.86330383e+02, 2.49935562e+02,
    2.55559036e+02, 2.05392197e+02, 2.59170410e+02, 2.12594681e+02,
    2.62510071e+02, 2.19552551e+02, 2.65907440e+02, 2.26495697e+02,
    2.69195801e+02, 2.33343765e+02, 2.72417145e+02, 2.40183670e+02,
    2.75663635e+02, 2.46860062e+02, 2.78769348e+02, 2.53229553e+02,
    2.47555313e+02, 2.08748718e+02, 2.51104355e+02, 2.16016586e+02,
    2.54657684e+02, 2.22918045e+02, 2.58119812e+02, 2.29809204e+02,
    2.61468170e+02, 2.36540482e+02, 2.64785553e+02, 2.43317093e+02,
    2.68090057e+02, 2.50008835e+02, 2.71141815e+02, 2.56060883e+02,
    2.39620468e+02, 2.12241943e+02, 2.43289856e+02, 2.19263458e+02,
    2.46852264e+02, 2.26308365e+02, 2.50264999e+02, 2.33074295e+02,
    2.53727264e+02, 2.39973526e+02, 2.57158051e+02, 2.46529221e+02,
    2.60375061e+02, 2.53082733e+02, 2.63584320e+02, 2.59290619e+02,
    2.31750565e+02, 2.15620590e+02, 2.35330399e+02, 2.22703094e+02,
    2.39022797e+02, 2.29593124e+02, 2.42546295e+02, 2.36407654e+02,
    2.46091309e+02, 2.43254349e+02, 2.49423721e+02, 2.49696381e+02,
    2.52890945e+02, 2.56398773e+02, 2.55989716e+02, 2.62248169e+02,
    2.23805725e+02, 2.19089752e+02, 2.27566284e+02, 2.26009750e+02,
    2.31197296e+02, 2.32987854e+02, 2.34865051e+02, 2.39605179e+02,
    2.38393295e+02, 2.46387802e+02, 2.41868866e+02, 2.53012085e+02,
    2.45277466e+02, 2.59312164e+02, 2.48409180e+02, 2.65363159e+02,
    2.16124222e+02, 2.22229919e+02, 2.19857925e+02, 2.29268646e+02,
    2.23583755e+02, 2.36176819e+02, 2.27189362e+02, 2.42889862e+02,
    2.30841614e+02, 2.49464279e+02, 2.34312958e+02, 2.56122406e+02,
    2.37878906e+02, 2.62495667e+02, 2.41205139e+02, 2.68378357e+02,
    2.08124344e+02, 2.25619003e+02, 2.12062286e+02, 2.32511154e+02,
    2.15741684e+02, 2.39324768e+02, 2.19562210e+02, 2.46128036e+02,
    2.23218430e+02, 2.52715134e+02, 2.26896729e+02, 2.59161377e+02,
    2.30200439e+02, 2.65294861e+02, 2.33701355e+02, 2.71675781e+02 ]
