%YAML:1.0
---
points: [ 3.05907654e+02, 1.97326843e+02, 3.06836273e+02, 2.05092056e+02,
    3.07681183e+02, 2.12684448e+02, 3.08545990e+02, 2.20125381e+02,
    3.09372467e+02, 2.27342361e+02, 3.10293610e+02, 2.34450287e+02,
    3.11150085e+02, 2.41796005e+02, 3.11947662e+02, 2.48506561e+02,
    2.97096832e+02, 1.98681381e+02, 2.98039459e+02, 2.06418381e+02,
    2.99034546e+02, 2.14049500e+02, 2.99995026e+02, 2.21247375e+02,
    3.00901642e+02, 2.28466217e+02, 3.01887360e+02, 2.35836197e+02,
    3.02810181e+02, 2.42791275e+02, 3.03705383e+02, 2.49648621e+02,
    2.88182404e+02, 2.00037369e+02, 2.89333618e+02, 2.07647522e+02,
    2.90349670e+02, 2.15115738e+02, 2.91434509e+02, 2.22471069e+02,
    2.92479767e+02, 2.29842468e+02, 2.93490173e+02, 2.36980377e+02,
    2.94486603e+02, 2.44021317e+02, 2.95488312e+02, 2.50862427e+02,
    2.79445251e+02, 2.01211182e+02, 2.80661835e+02, 2.08954544e+02,
    2.81787170e+02, 2.16380127e+02, 2.83018494e+02, 2.23790741e+02,
    2.84098083e+02, 2.30984940e+02, 2.85234802e+02, 2.38182541e+02,
    2.86316589e+02, 2.45223495e+02, 2.87298767e+02, 2.51917908e+02,
    2.70735260e+02, 2.02567749e+02, 2.72056763e+02, 2.10236526e+02,
    2.73290680e+02, 2.17733261e+02, 2.74470520e+02, 2.24950958e+02,
    2.75719025e+02, 2.32343674e+02, 2.76937805e+02, 2.39422546e+02,
    2.78125946e+02, 2.46390045e+02, 2.79233368e+02, 2.53306671e+02,
    2.62086945e+02, 2.03887680e+02, 2.63372559e+02, 2.11460190e+02,
    2.64763428e+02, 2.18978455e+02, 2.66151062e+02, 2.26310562e+02,
    2.67393829e+02, 2.33569794e+02, 2.68658600e+02, 2.40641571e+02,
    2.69989929e+02, 2.47673416e+02, 2.71175232e+02, 2.54259903e+02,
    2.53379929e+02, 2.05150513e+02, 2.54928787e+02, 2.12788284e+02,
    2.56313293e+02, 2.20293884e+02, 2.57727448e+02, 2.27651443e+02,
    2.59099945e+02, 2.34855026e+02, 2.60399475e+02, 2.41905487e+02,
    2.61737915e+02, 2.48947418e+02, 2.63042969e+02, 2.55442841e+02,
    2.44857635e+02, 2.06406113e+02, 2.46327072e+02, 2.14183258e+02,
    2.47881927e+02, 2.21604111e+02, 2.49307526e+02, 2.28917450e+02,
    2.50776550e+02, 2.36106216e+02, 2.52204102e+02, 2.43212189e+02,
    2.53576828e+02, 2.50149429e+02, 2.54973236e+02, 2.56531616e+02,
    2.36228729e+02, 2.07834274e+02, 2.37805847e+02, 2.15405197e+02,
    2.39376297e+02, 2.22876907e+02, 2.41009384e+02, 2.30227676e+02,
    2.42487503e+02, 2.37342545e+02, 2.44012726e+02, 2.44307281e+02,
    2.45470688e+02, 2.51344131e+02, 2.46889008e+02, 2.57957550e+02,
    2.27689880e+02, 2.09028854e+02, 2.29403336e+02, 2.16691452e+02,
    2.31120224e+02, 2.24164017e+02, 2.32708099e+02, 2.31366989e+02,
    2.34308105e+02, 2.38396805e+02, 2.35908020e+02, 2.45616272e+02,
    2.37405029e+02, 2.52322830e+02, 2.38958984e+02, 2.58983429e+02,
    2.19037628e+02, 2.10327652e+02, 2.20908722e+02, 2.18104263e+02,
    2.22606125e+02, 2.25315994e+02, 2.24325897e+02, 2.32483734e+02,
    2.26103180e+02, 2.39786926e+02, 2.27712006e+02, 2.46588562e+02,
    2.29263580e+02, 2.53445984e+02, 2.30852600e+02, 2.60172028e+02 ]
