%YAML:1.0
---
points: [ 3.18040375e+02, 2.00195801e+02, 3.17866486e+02, 2.07966537e+02,
    3.17654785e+02, 2.15727631e+02, 3.17304565e+02, 2.23146317e+02,
    3.17029633e+02, 2.30674438e+02, 3.16841949e+02, 2.37937881e+02,
    3.16677124e+02, 2.45354324e+02, 3.16440521e+02, 2.52579453e+02,
    3.09485168e+02, 2.00202133e+02, 3.09200775e+02, 2.07968063e+02,
    3.08956818e+02, 2.15733871e+02, 3.08828583e+02, 2.23103210e+02,
    3.08760681e+02, 2.30683655e+02, 3.08625763e+02, 2.37908234e+02,
    3.08517548e+02, 2.45154678e+02, 3.08220398e+02, 2.52375275e+02,
    3.00709991e+02, 2.00205551e+02, 3.00742584e+02, 2.07927658e+02,
    3.00667084e+02, 2.15698090e+02, 3.00577423e+02, 2.22999619e+02,
    3.00426819e+02, 2.30649506e+02, 3.00315186e+02, 2.37864243e+02,
    3.00167786e+02, 2.45085739e+02, 3.00122894e+02, 2.52247162e+02,
    2.92199646e+02, 2.00212753e+02, 2.92134796e+02, 2.07907532e+02,
    2.92072113e+02, 2.15679062e+02, 2.92069916e+02, 2.22935211e+02,
    2.92093750e+02, 2.30636688e+02, 2.92023224e+02, 2.37848648e+02,
    2.91994049e+02, 2.44995758e+02, 2.91960297e+02, 2.52167664e+02,
    2.83669830e+02, 2.00194656e+02, 2.83752289e+02, 2.07925629e+02,
    2.83781036e+02, 2.15690338e+02, 2.83762329e+02, 2.22987854e+02,
    2.83780731e+02, 2.30583008e+02, 2.83854523e+02, 2.37825912e+02,
    2.83827728e+02, 2.44949722e+02, 2.83875549e+02, 2.51976227e+02,
    2.75188507e+02, 2.00204605e+02, 2.75356964e+02, 2.07964020e+02,
    2.75534180e+02, 2.15643188e+02, 2.75667297e+02, 2.23039230e+02,
    2.75727325e+02, 2.30559250e+02, 2.75783752e+02, 2.37832001e+02,
    2.75840912e+02, 2.44843109e+02, 2.75891296e+02, 2.51943008e+02,
    2.66738831e+02, 2.00235016e+02, 2.66889435e+02, 2.07887939e+02,
    2.67119263e+02, 2.15707428e+02, 2.67408081e+02, 2.23061325e+02,
    2.67628784e+02, 2.30613495e+02, 2.67731110e+02, 2.37808701e+02,
    2.67755859e+02, 2.44856598e+02, 2.67911560e+02, 2.51815628e+02,
    2.58363556e+02, 2.00249741e+02, 2.58632812e+02, 2.07900909e+02,
    2.58787476e+02, 2.15785355e+02, 2.59031189e+02, 2.23012146e+02,
    2.59443329e+02, 2.30613541e+02, 2.59668457e+02, 2.37801514e+02,
    2.59796295e+02, 2.44852295e+02, 2.59964935e+02, 2.51771988e+02,
    2.49889511e+02, 2.00354324e+02, 2.50353134e+02, 2.07965500e+02,
    2.50686584e+02, 2.15768555e+02, 2.50841553e+02, 2.23076706e+02,
    2.51249207e+02, 2.30618759e+02, 2.51632202e+02, 2.37801331e+02,
    2.51783890e+02, 2.44807251e+02, 2.52078506e+02, 2.51773865e+02,
    2.41685852e+02, 2.00360184e+02, 2.42016296e+02, 2.07950989e+02,
    2.42520050e+02, 2.15745407e+02, 2.42780029e+02, 2.23008575e+02,
    2.43221848e+02, 2.30539871e+02, 2.43618774e+02, 2.37771332e+02,
    2.43846069e+02, 2.44774643e+02, 2.44331268e+02, 2.51731659e+02,
    2.33284714e+02, 2.00329285e+02, 2.33775803e+02, 2.07919312e+02,
    2.34208618e+02, 2.15741196e+02, 2.34723297e+02, 2.22930969e+02,
    2.35087631e+02, 2.30442108e+02, 2.35650040e+02, 2.37691528e+02,
    2.35946945e+02, 2.44663483e+02, 2.36489548e+02, 2.51695297e+02 ]
