%YAML:1.0
---
points: [ 3.31698334e+02, 2.13400513e+02, 3.29310272e+02, 2.20894485e+02,
    3.26766968e+02, 2.28192963e+02, 3.24381653e+02, 2.35362457e+02,
    3.21960602e+02, 2.42558823e+02, 3.19635681e+02, 2.49613907e+02,
    3.17292145e+02, 2.56556732e+02, 3.15107391e+02, 2.63304840e+02,
    3.23482117e+02, 2.11225830e+02, 3.21018616e+02, 2.18734222e+02,
    3.18605225e+02, 2.26027435e+02, 3.16264282e+02, 2.33276779e+02,
    3.14002747e+02, 2.40450974e+02, 3.11706329e+02, 2.47465271e+02,
    3.09429779e+02, 2.54514236e+02, 3.07261261e+02, 2.61319183e+02,
    3.15136414e+02, 2.09047089e+02, 3.12841827e+02, 2.16591858e+02,
    3.10475067e+02, 2.23941650e+02, 3.08240692e+02, 2.31172485e+02,
    3.05985382e+02, 2.38308090e+02, 3.03821320e+02, 2.45345612e+02,
    3.01567505e+02, 2.52397385e+02, 2.99451660e+02, 2.59216888e+02,
    3.06998901e+02, 2.06904449e+02, 3.04593628e+02, 2.14434479e+02,
    3.02377167e+02, 2.21756699e+02, 3.00190186e+02, 2.29077301e+02,
    2.98056122e+02, 2.36198227e+02, 2.95905396e+02, 2.43293823e+02,
    2.93809784e+02, 2.50406158e+02, 2.91737427e+02, 2.57277618e+02,
    2.98617401e+02, 2.04749985e+02, 2.96470642e+02, 2.12362442e+02,
    2.94339691e+02, 2.19671936e+02, 2.92191711e+02, 2.27014038e+02,
    2.90127869e+02, 2.34147202e+02, 2.88032288e+02, 2.41276398e+02,
    2.85995789e+02, 2.48290222e+02, 2.84047668e+02, 2.55049438e+02,
    2.90552277e+02, 2.02634033e+02, 2.88355591e+02, 2.10205887e+02,
    2.86298157e+02, 2.17560852e+02, 2.84224487e+02, 2.24935440e+02,
    2.82192017e+02, 2.32031967e+02, 2.80178955e+02, 2.39227875e+02,
    2.78237610e+02, 2.46217178e+02, 2.76306793e+02, 2.53192932e+02,
    2.82348602e+02, 2.00453003e+02, 2.80298523e+02, 2.08077484e+02,
    2.78263855e+02, 2.15572342e+02, 2.76301605e+02, 2.22858475e+02,
    2.74270905e+02, 2.30132126e+02, 2.72325958e+02, 2.37209747e+02,
    2.70359894e+02, 2.44299225e+02, 2.68580933e+02, 2.50909317e+02,
    2.74222351e+02, 1.98362335e+02, 2.72159851e+02, 2.05932373e+02,
    2.70256195e+02, 2.13452423e+02, 2.68270142e+02, 2.20855942e+02,
    2.66374023e+02, 2.27983322e+02, 2.64465607e+02, 2.35164810e+02,
    2.62630920e+02, 2.42241867e+02, 2.60831390e+02, 2.48984833e+02,
    2.66084351e+02, 1.96256607e+02, 2.64160645e+02, 2.03902725e+02,
    2.62226288e+02, 2.11389160e+02, 2.60322571e+02, 2.18873169e+02,
    2.58501404e+02, 2.25982132e+02, 2.56648682e+02, 2.33197586e+02,
    2.54902496e+02, 2.40225647e+02, 2.53182510e+02, 2.46843552e+02,
    2.58130890e+02, 1.94195496e+02, 2.56135162e+02, 2.01762039e+02,
    2.54301697e+02, 2.09273834e+02, 2.52484512e+02, 2.16747452e+02,
    2.50709641e+02, 2.23844788e+02, 2.48914886e+02, 2.30924911e+02,
    2.47230637e+02, 2.38125031e+02, 2.45609192e+02, 2.44755478e+02,
    2.49804474e+02, 1.92049561e+02, 2.48075775e+02, 1.99668839e+02,
    2.46254715e+02, 2.07129547e+02, 2.44503342e+02, 2.14614899e+02,
    2.42829803e+02, 2.21793365e+02, 2.41154739e+02, 2.29077805e+02,
    2.39501556e+02, 2.35972198e+02, 2.37822586e+02, 2.42602814e+02 ]
