%YAML:1.0
---
points: [ 3.30869598e+02, 2.12096039e+02, 3.28425171e+02, 2.19597366e+02,
    3.25961456e+02, 2.26974701e+02, 3.23603302e+02, 2.34260040e+02,
    3.21229767e+02, 2.41513657e+02, 3.18949158e+02, 2.48677658e+02,
    3.16623077e+02, 2.55718384e+02, 3.14374664e+02, 2.62515259e+02,
    3.22591248e+02, 2.09896469e+02, 3.20156769e+02, 2.17433182e+02,
    3.17745697e+02, 2.24861816e+02, 3.15460052e+02, 2.32135727e+02,
    3.13209930e+02, 2.39359070e+02, 3.10938080e+02, 2.46461792e+02,
    3.08687378e+02, 2.53597137e+02, 3.06520844e+02, 2.60421143e+02,
    3.14180359e+02, 2.07720520e+02, 3.11851593e+02, 2.15286926e+02,
    3.09590240e+02, 2.22758377e+02, 3.07320770e+02, 2.30035400e+02,
    3.05163452e+02, 2.37307449e+02, 3.02973053e+02, 2.44520599e+02,
    3.00810333e+02, 2.51544434e+02, 2.98757141e+02, 2.58315247e+02,
    3.05976349e+02, 2.05574219e+02, 3.03671631e+02, 2.13228210e+02,
    3.01457886e+02, 2.20662628e+02, 2.99309418e+02, 2.27952484e+02,
    2.97141602e+02, 2.35236755e+02, 2.95052979e+02, 2.42374939e+02,
    2.92997375e+02, 2.49391708e+02, 2.90911713e+02, 2.56364929e+02,
    2.97617371e+02, 2.03426880e+02, 2.95485352e+02, 2.11045914e+02,
    2.93317444e+02, 2.18532440e+02, 2.91238403e+02, 2.25845078e+02,
    2.89155853e+02, 2.33123245e+02, 2.87161835e+02, 2.40286591e+02,
    2.85108887e+02, 2.47388840e+02, 2.83178986e+02, 2.54167557e+02,
    2.89408203e+02, 2.01385452e+02, 2.87335571e+02, 2.08891190e+02,
    2.85300446e+02, 2.16435669e+02, 2.83288605e+02, 2.23855087e+02,
    2.81245361e+02, 2.31118042e+02, 2.79252777e+02, 2.38291824e+02,
    2.77334167e+02, 2.45305313e+02, 2.75404572e+02, 2.52285309e+02,
    2.81219116e+02, 1.99211868e+02, 2.79214172e+02, 2.06833862e+02,
    2.77220245e+02, 2.14422760e+02, 2.75240753e+02, 2.21744125e+02,
    2.73270416e+02, 2.29087891e+02, 2.71359924e+02, 2.36269836e+02,
    2.69453125e+02, 2.43325851e+02, 2.67660553e+02, 2.50133667e+02,
    2.73095276e+02, 1.97183914e+02, 2.71126556e+02, 2.04775665e+02,
    2.69218079e+02, 2.12345657e+02, 2.67268860e+02, 2.19767303e+02,
    2.65346283e+02, 2.27073914e+02, 2.63495056e+02, 2.34224548e+02,
    2.61683624e+02, 2.41259796e+02, 2.59889374e+02, 2.48195419e+02,
    2.64921906e+02, 1.95082886e+02, 2.63050476e+02, 2.02716949e+02,
    2.61137878e+02, 2.10271973e+02, 2.59239441e+02, 2.17681366e+02,
    2.57463501e+02, 2.24981247e+02, 2.55632828e+02, 2.32190506e+02,
    2.53896027e+02, 2.39254379e+02, 2.52214951e+02, 2.45971313e+02,
    2.56865601e+02, 1.92945343e+02, 2.55029770e+02, 2.00574677e+02,
    2.53182556e+02, 2.08150436e+02, 2.51403870e+02, 2.15647247e+02,
    2.49647964e+02, 2.23058044e+02, 2.47931137e+02, 2.30095047e+02,
    2.46208603e+02, 2.37177277e+02, 2.44604523e+02, 2.44129059e+02,
    2.48631638e+02, 1.90814346e+02, 2.46852417e+02, 1.98475143e+02,
    2.45112671e+02, 2.05970276e+02, 2.43397385e+02, 2.13504074e+02,
    2.41707916e+02, 2.20901901e+02, 2.40063934e+02, 2.27943283e+02,
    2.38425888e+02, 2.34927689e+02, 2.36825485e+02, 2.41789932e+02 ]
