%YAML:1.0
---
points: [ 3.27004303e+02, 2.14038055e+02, 3.24051697e+02, 2.21233521e+02,
    3.20985168e+02, 2.28303711e+02, 3.18113495e+02, 2.35338043e+02,
    3.15162842e+02, 2.42377502e+02, 3.12275696e+02, 2.49325714e+02,
    3.09407135e+02, 2.56244843e+02, 3.06697906e+02, 2.63040924e+02,
    3.19380585e+02, 2.11226730e+02, 3.16331787e+02, 2.18413864e+02,
    3.13412476e+02, 2.25534668e+02, 3.10482849e+02, 2.32587692e+02,
    3.07638794e+02, 2.39586212e+02, 3.04788452e+02, 2.46552658e+02,
    3.02076569e+02, 2.53420044e+02, 2.99292694e+02, 2.60323029e+02,
    3.11644073e+02, 2.08320755e+02, 3.08728790e+02, 2.15617371e+02,
    3.05835754e+02, 2.22810837e+02, 3.03049652e+02, 2.29873306e+02,
    3.00200958e+02, 2.37080399e+02, 2.97434509e+02, 2.43910980e+02,
    2.94626282e+02, 2.50886566e+02, 2.92020142e+02, 2.57406525e+02,
    3.04097717e+02, 2.05637833e+02, 3.01097626e+02, 2.13063110e+02,
    2.98338104e+02, 2.20088760e+02, 2.95496246e+02, 2.27165680e+02,
    2.92742004e+02, 2.34266586e+02, 2.90055359e+02, 2.41248276e+02,
    2.87321991e+02, 2.48215500e+02, 2.84639008e+02, 2.55084854e+02,
    2.96345947e+02, 2.02877335e+02, 2.93537292e+02, 2.10202209e+02,
    2.90794586e+02, 2.17360733e+02, 2.88045441e+02, 2.24497635e+02,
    2.85294281e+02, 2.31452881e+02, 2.82604218e+02, 2.38602325e+02,
    2.79982666e+02, 2.45302170e+02, 2.77321869e+02, 2.52206284e+02,
    2.88810364e+02, 2.00114990e+02, 2.86005585e+02, 2.07472931e+02,
    2.83312500e+02, 2.14725479e+02, 2.80619568e+02, 2.21807037e+02,
    2.77926483e+02, 2.29035278e+02, 2.75233307e+02, 2.35764572e+02,
    2.72634308e+02, 2.42945526e+02, 2.70122803e+02, 2.49390900e+02,
    2.81202393e+02, 1.97355484e+02, 2.78532654e+02, 2.04760895e+02,
    2.75763062e+02, 2.12017670e+02, 2.73113007e+02, 2.19209976e+02,
    2.70460510e+02, 2.26264755e+02, 2.67879669e+02, 2.33202301e+02,
    2.65255371e+02, 2.40222931e+02, 2.62761505e+02, 2.46786957e+02,
    2.73637115e+02, 1.94676529e+02, 2.70956818e+02, 2.02032074e+02,
    2.68269714e+02, 2.09235992e+02, 2.65652832e+02, 2.16353699e+02,
    2.63077393e+02, 2.23443298e+02, 2.60389893e+02, 2.30413879e+02,
    2.57970398e+02, 2.37306656e+02, 2.55411133e+02, 2.44316284e+02,
    2.66048248e+02, 1.91972488e+02, 2.63381714e+02, 1.99294647e+02,
    2.60777222e+02, 2.06466492e+02, 2.58232758e+02, 2.13786880e+02,
    2.55638321e+02, 2.21061157e+02, 2.53169205e+02, 2.27741318e+02,
    2.50552353e+02, 2.34823807e+02, 2.48160400e+02, 2.41284500e+02,
    2.58584106e+02, 1.89350143e+02, 2.56020599e+02, 1.96440475e+02,
    2.53400803e+02, 2.03897736e+02, 2.50898315e+02, 2.11108078e+02,
    2.48260254e+02, 2.18259567e+02, 2.45862335e+02, 2.25229141e+02,
    2.43341492e+02, 2.32199844e+02, 2.41069824e+02, 2.38825638e+02,
    2.50933319e+02, 1.86536011e+02, 2.48410110e+02, 1.93861832e+02,
    2.45895767e+02, 2.01108383e+02, 2.43330841e+02, 2.08281021e+02,
    2.40939102e+02, 2.15457169e+02, 2.38457993e+02, 2.22484604e+02,
    2.36138596e+02, 2.29230759e+02, 2.33757187e+02, 2.35925919e+02 ]
