%YAML:1.0
---
points: [ 2.75365540e+02, 1.96654968e+02, 2.76106934e+02, 2.03957230e+02,
    2.76760101e+02, 2.11450912e+02, 2.77531952e+02, 2.18625397e+02,
    2.78105469e+02, 2.25878738e+02, 2.78742828e+02, 2.33057678e+02,
    2.79409576e+02, 2.40300323e+02, 2.79924835e+02, 2.47480255e+02,
    2.67730072e+02, 1.97103134e+02, 2.68512085e+02, 2.04663040e+02,
    2.69190826e+02, 2.11895996e+02, 2.69879761e+02, 2.19170654e+02,
    2.70634735e+02, 2.26411469e+02, 2.71276520e+02, 2.33701920e+02,
    2.71900330e+02, 2.40720154e+02, 2.72602386e+02, 2.47808426e+02,
    2.60142426e+02, 1.97640869e+02, 2.60889832e+02, 2.05050034e+02,
    2.61637207e+02, 2.12582062e+02, 2.62408691e+02, 2.19771561e+02,
    2.63089874e+02, 2.26821136e+02, 2.63782806e+02, 2.33934113e+02,
    2.64531860e+02, 2.41189926e+02, 2.65210876e+02, 2.48118484e+02,
    2.52587326e+02, 1.98303421e+02, 2.53320389e+02, 2.05649353e+02,
    2.54142746e+02, 2.12900558e+02, 2.54911362e+02, 2.20220215e+02,
    2.55693863e+02, 2.27492798e+02, 2.56388184e+02, 2.34535751e+02,
    2.57141876e+02, 2.41699203e+02, 2.57874481e+02, 2.48683456e+02,
    2.45073639e+02, 1.98823364e+02, 2.45854141e+02, 2.06175522e+02,
    2.46714508e+02, 2.13658920e+02, 2.47524475e+02, 2.20694626e+02,
    2.48272186e+02, 2.27849136e+02, 2.49046432e+02, 2.34916367e+02,
    2.49817505e+02, 2.41932846e+02, 2.50597290e+02, 2.49047806e+02,
    2.37570389e+02, 1.99397934e+02, 2.38394516e+02, 2.06759827e+02,
    2.39309967e+02, 2.14046341e+02, 2.40101791e+02, 2.21221191e+02,
    2.40901855e+02, 2.28354782e+02, 2.41714417e+02, 2.35621140e+02,
    2.42538040e+02, 2.42560577e+02, 2.43359940e+02, 2.49613083e+02,
    2.30159470e+02, 1.99872864e+02, 2.31050476e+02, 2.07264893e+02,
    2.31896820e+02, 2.14699219e+02, 2.32744659e+02, 2.21781830e+02,
    2.33558990e+02, 2.28826477e+02, 2.34438599e+02, 2.35935822e+02,
    2.35220016e+02, 2.42874313e+02, 2.36039444e+02, 2.49840973e+02,
    2.22711594e+02, 2.00636108e+02, 2.23592773e+02, 2.07796951e+02,
    2.24487366e+02, 2.15038452e+02, 2.25366943e+02, 2.22338211e+02,
    2.26261566e+02, 2.29501572e+02, 2.27084366e+02, 2.36449341e+02,
    2.28005630e+02, 2.43612000e+02, 2.28859573e+02, 2.50273422e+02,
    2.15321716e+02, 2.01102264e+02, 2.16318207e+02, 2.08431198e+02,
    2.17186905e+02, 2.15679886e+02, 2.18078552e+02, 2.22761108e+02,
    2.19000107e+02, 2.29869370e+02, 2.19903656e+02, 2.36791458e+02,
    2.20790359e+02, 2.43859787e+02, 2.21605026e+02, 2.50719421e+02,
    2.08128189e+02, 2.01553680e+02, 2.09063614e+02, 2.08894119e+02,
    2.09940964e+02, 2.16101395e+02, 2.10871597e+02, 2.23302368e+02,
    2.11803802e+02, 2.30421707e+02, 2.12732452e+02, 2.37490753e+02,
    2.13663818e+02, 2.44329697e+02, 2.14587723e+02, 2.51095352e+02,
    2.00680038e+02, 2.02178116e+02, 2.01651703e+02, 2.09402298e+02,
    2.02666046e+02, 2.16702713e+02, 2.03671127e+02, 2.23786621e+02,
    2.04568100e+02, 2.30766846e+02, 2.05600006e+02, 2.37834045e+02,
    2.06418991e+02, 2.44688934e+02, 2.07440948e+02, 2.51664520e+02 ]
