%YAML:1.0
---
points: [ 1.92168930e+02, 1.97674988e+02, 1.94844574e+02, 2.06397781e+02,
    1.97376785e+02, 2.14900589e+02, 1.99912155e+02, 2.23490952e+02,
    2.02334167e+02, 2.32080597e+02, 2.04742126e+02, 2.40345261e+02,
    2.07124451e+02, 2.48733612e+02, 2.09466599e+02, 2.57130646e+02,
    1.83349121e+02, 1.99742249e+02, 1.86021072e+02, 2.08409973e+02,
    1.88548477e+02, 2.17045990e+02, 1.91129868e+02, 2.25605682e+02,
    1.93615265e+02, 2.34098877e+02, 1.96091660e+02, 2.42445312e+02,
    1.98525131e+02, 2.50752029e+02, 2.00944901e+02, 2.59058929e+02,
    1.74336884e+02, 2.01990601e+02, 1.77138138e+02, 2.10506989e+02,
    1.79775070e+02, 2.19164612e+02, 1.82388672e+02, 2.27620300e+02,
    1.84869980e+02, 2.36161118e+02, 1.87459961e+02, 2.44444565e+02,
    1.89856277e+02, 2.52814102e+02, 1.92345337e+02, 2.60934143e+02,
    1.65662216e+02, 2.03956772e+02, 1.68369034e+02, 2.12669388e+02,
    1.71048050e+02, 2.21193466e+02, 1.73680435e+02, 2.29739548e+02,
    1.76202087e+02, 2.38205963e+02, 1.78781723e+02, 2.46526443e+02,
    1.81315109e+02, 2.54792877e+02, 1.83809235e+02, 2.63014954e+02,
    1.56640823e+02, 2.06204376e+02, 1.59492874e+02, 2.14789062e+02,
    1.62187943e+02, 2.23347504e+02, 1.64911819e+02, 2.31843384e+02,
    1.67551697e+02, 2.40293915e+02, 1.70187973e+02, 2.48574036e+02,
    1.72742371e+02, 2.56842590e+02, 1.75237350e+02, 2.65083801e+02,
    1.47980270e+02, 2.08241974e+02, 1.50775635e+02, 2.16881851e+02,
    1.53560150e+02, 2.25462662e+02, 1.56220322e+02, 2.33935806e+02,
    1.58975830e+02, 2.42331802e+02, 1.61613953e+02, 2.50613342e+02,
    1.64157913e+02, 2.58869415e+02, 1.66803513e+02, 2.67018921e+02,
    1.39119934e+02, 2.10361313e+02, 1.41999527e+02, 2.19013245e+02,
    1.44796036e+02, 2.27575531e+02, 1.47538559e+02, 2.36012146e+02,
    1.50241608e+02, 2.44366211e+02, 1.52960434e+02, 2.52659210e+02,
    1.55600952e+02, 2.60902924e+02, 1.58205338e+02, 2.69100861e+02,
    1.30426910e+02, 2.12461197e+02, 1.33244064e+02, 2.21211105e+02,
    1.36036423e+02, 2.29667725e+02, 1.38796478e+02, 2.38087677e+02,
    1.41632782e+02, 2.46441238e+02, 1.44330582e+02, 2.54726028e+02,
    1.47077972e+02, 2.62900757e+02, 1.49695129e+02, 2.70960205e+02,
    1.21708183e+02, 2.14652679e+02, 1.24593040e+02, 2.23265045e+02,
    1.27360039e+02, 2.31729095e+02, 1.30148682e+02, 2.40204437e+02,
    1.33017761e+02, 2.48555374e+02, 1.35762878e+02, 2.56709259e+02,
    1.38456345e+02, 2.64871307e+02, 1.41228317e+02, 2.72939972e+02,
    1.13017540e+02, 2.16768784e+02, 1.15977997e+02, 2.25318314e+02,
    1.18818863e+02, 2.33788940e+02, 1.21675430e+02, 2.42211731e+02,
    1.24514168e+02, 2.50407806e+02, 1.27315536e+02, 2.58720154e+02,
    1.30147522e+02, 2.66920715e+02, 1.32967712e+02, 2.74848724e+02,
    1.04253799e+02, 2.18870071e+02, 1.07283478e+02, 2.27366776e+02,
    1.10187141e+02, 2.35851944e+02, 1.13097290e+02, 2.44202271e+02,
    1.16006615e+02, 2.52452927e+02, 1.18838165e+02, 2.60663818e+02,
    1.21685417e+02, 2.68749268e+02, 1.24464386e+02, 2.76775970e+02 ]
