%YAML:1.0
---
points: [ 2.57692383e+02, 1.98707764e+02, 2.59300110e+02, 2.07471359e+02,
    2.60959595e+02, 2.16229019e+02, 2.62595062e+02, 2.24753799e+02,
    2.64097351e+02, 2.33243500e+02, 2.65700500e+02, 2.41625366e+02,
    2.67239227e+02, 2.49950211e+02, 2.68743866e+02, 2.58212708e+02,
    2.48485229e+02, 2.00313538e+02, 2.50120712e+02, 2.09136826e+02,
    2.51808411e+02, 2.17998398e+02, 2.53481567e+02, 2.26351410e+02,
    2.55179871e+02, 2.34809525e+02, 2.56735199e+02, 2.43298782e+02,
    2.58365723e+02, 2.51599991e+02, 2.59963898e+02, 2.59806000e+02,
    2.39147308e+02, 2.02118179e+02, 2.41011780e+02, 2.10812988e+02,
    2.42736206e+02, 2.19484161e+02, 2.44458115e+02, 2.28038483e+02,
    2.46126892e+02, 2.36538284e+02, 2.47878006e+02, 2.44861740e+02,
    2.49488785e+02, 2.53258728e+02, 2.51129623e+02, 2.61388519e+02,
    2.30040070e+02, 2.03665192e+02, 2.31811401e+02, 2.12537598e+02,
    2.33627182e+02, 2.21204071e+02, 2.35396698e+02, 2.29688507e+02,
    2.37133041e+02, 2.38156448e+02, 2.38919907e+02, 2.46483002e+02,
    2.40638962e+02, 2.54782608e+02, 2.42313019e+02, 2.63015808e+02,
    2.20607681e+02, 2.05358612e+02, 2.22632507e+02, 2.14265915e+02,
    2.24492218e+02, 2.22840256e+02, 2.26383286e+02, 2.31335922e+02,
    2.28194550e+02, 2.39826065e+02, 2.29987473e+02, 2.48193954e+02,
    2.31742966e+02, 2.56396881e+02, 2.33499603e+02, 2.64583099e+02,
    2.11527023e+02, 2.07084122e+02, 2.13549484e+02, 2.15903076e+02,
    2.15487366e+02, 2.24475372e+02, 2.17358490e+02, 2.33076523e+02,
    2.19247330e+02, 2.41481583e+02, 2.21127686e+02, 2.49838058e+02,
    2.22913040e+02, 2.58135864e+02, 2.24745056e+02, 2.66195312e+02,
    2.02333679e+02, 2.08870346e+02, 2.04293427e+02, 2.17536758e+02,
    2.06370605e+02, 2.26261307e+02, 2.08366135e+02, 2.34807312e+02,
    2.10216660e+02, 2.43252380e+02, 2.12210693e+02, 2.51503540e+02,
    2.14095032e+02, 2.59782654e+02, 2.15904495e+02, 2.67845673e+02,
    1.93092377e+02, 2.10454819e+02, 1.95114777e+02, 2.19235443e+02,
    1.97236435e+02, 2.27983521e+02, 1.99192734e+02, 2.36515656e+02,
    2.01255859e+02, 2.44899673e+02, 2.03203430e+02, 2.53211411e+02,
    2.05184891e+02, 2.61398468e+02, 2.07103516e+02, 2.69440308e+02,
    1.83787781e+02, 2.12284454e+02, 1.85964615e+02, 2.21027466e+02,
    1.88050339e+02, 2.29648270e+02, 1.90245865e+02, 2.38217926e+02,
    1.92218491e+02, 2.46593185e+02, 1.94283127e+02, 2.54796600e+02,
    1.96231812e+02, 2.63058411e+02, 1.98229370e+02, 2.71077271e+02,
    1.74701126e+02, 2.13948135e+02, 1.76917542e+02, 2.22659119e+02,
    1.79038254e+02, 2.31256409e+02, 1.81190948e+02, 2.39812836e+02,
    1.83343109e+02, 2.48234650e+02, 1.85425034e+02, 2.56497375e+02,
    1.87447952e+02, 2.64631287e+02, 1.89554596e+02, 2.72676361e+02,
    1.65242844e+02, 2.15568939e+02, 1.67643082e+02, 2.24370087e+02,
    1.69915985e+02, 2.32964081e+02, 1.72094116e+02, 2.41400864e+02,
    1.74259872e+02, 2.49818253e+02, 1.76428528e+02, 2.58181763e+02,
    1.78529922e+02, 2.66233002e+02, 1.80626572e+02, 2.74314697e+02 ]
