%YAML:1.0
---
points: [ 3.27792603e+02, 2.00598633e+02, 3.27549042e+02, 2.08879135e+02,
    3.27153656e+02, 2.17303802e+02, 3.26826202e+02, 2.25716415e+02,
    3.26630737e+02, 2.33858490e+02, 3.26312958e+02, 2.42057617e+02,
    3.26066101e+02, 2.50307053e+02, 3.25846985e+02, 2.58393463e+02,
    3.19244965e+02, 2.00737427e+02, 3.18906830e+02, 2.09128174e+02,
    3.18665161e+02, 2.17696915e+02, 3.18445251e+02, 2.25898834e+02,
    3.18151276e+02, 2.34278656e+02, 3.17888550e+02, 2.42490326e+02,
    3.17757935e+02, 2.50635361e+02, 3.17627380e+02, 2.58701965e+02,
    3.10631592e+02, 2.00906616e+02, 3.10415588e+02, 2.09569550e+02,
    3.10206848e+02, 2.17863159e+02, 3.09915527e+02, 2.26295837e+02,
    3.09766479e+02, 2.34588150e+02, 3.09668732e+02, 2.42726761e+02,
    3.09517853e+02, 2.50836578e+02, 3.09309357e+02, 2.58976624e+02,
    3.01994659e+02, 2.01211609e+02, 3.01815521e+02, 2.09776749e+02,
    3.01704834e+02, 2.18230789e+02, 3.01581787e+02, 2.26646332e+02,
    3.01391357e+02, 2.34779968e+02, 3.01201660e+02, 2.43079773e+02,
    3.01041290e+02, 2.51372055e+02, 3.00932220e+02, 2.59463196e+02,
    2.93320190e+02, 2.01593826e+02, 2.93164948e+02, 2.10034790e+02,
    2.92991211e+02, 2.18606949e+02, 2.92912872e+02, 2.26826096e+02,
    2.92807251e+02, 2.35210632e+02, 2.92753662e+02, 2.43622742e+02,
    2.92758209e+02, 2.51779099e+02, 2.92659058e+02, 2.59886230e+02,
    2.84696472e+02, 2.01770065e+02, 2.84642334e+02, 2.10425476e+02,
    2.84633667e+02, 2.18731277e+02, 2.84522278e+02, 2.27242844e+02,
    2.84488739e+02, 2.35665451e+02, 2.84462677e+02, 2.43904999e+02,
    2.84289886e+02, 2.52019577e+02, 2.84271088e+02, 2.60250031e+02,
    2.75846130e+02, 2.01946381e+02, 2.75878143e+02, 2.10661423e+02,
    2.75814850e+02, 2.19158173e+02, 2.75839386e+02, 2.27706726e+02,
    2.75791504e+02, 2.35905563e+02, 2.75812439e+02, 2.44196671e+02,
    2.75786194e+02, 2.52522293e+02, 2.75761932e+02, 2.60587189e+02,
    2.67135590e+02, 2.02416306e+02, 2.67215485e+02, 2.10853607e+02,
    2.67231262e+02, 2.19579758e+02, 2.67263916e+02, 2.27886337e+02,
    2.67290649e+02, 2.36342941e+02, 2.67305847e+02, 2.44644073e+02,
    2.67358978e+02, 2.52870041e+02, 2.67329071e+02, 2.60979889e+02,
    2.58475586e+02, 2.02713272e+02, 2.58587372e+02, 2.11264999e+02,
    2.58656006e+02, 2.19992249e+02, 2.58614655e+02, 2.28236160e+02,
    2.58677521e+02, 2.36695419e+02, 2.58702240e+02, 2.44925369e+02,
    2.58719360e+02, 2.53285507e+02, 2.58729095e+02, 2.61488190e+02,
    2.49655777e+02, 2.02783737e+02, 2.49676422e+02, 2.11672775e+02,
    2.49757751e+02, 2.20156921e+02, 2.49807007e+02, 2.28573975e+02,
    2.49892120e+02, 2.37011017e+02, 2.49982452e+02, 2.45402313e+02,
    2.50122559e+02, 2.53670441e+02, 2.50256638e+02, 2.61769501e+02,
    2.40647690e+02, 2.03068665e+02, 2.40792633e+02, 2.11815063e+02,
    2.40822937e+02, 2.20479538e+02, 2.40953217e+02, 2.28831024e+02,
    2.41163330e+02, 2.37407837e+02, 2.41345520e+02, 2.45742523e+02,
    2.41553467e+02, 2.53890976e+02, 2.41641739e+02, 2.62150787e+02 ]
