%YAML:1.0
---
points: [ 2.56937714e+02, 1.85961441e+02, 2.58594543e+02, 1.93997421e+02,
    2.60112152e+02, 2.02163498e+02, 2.61736694e+02, 2.10251846e+02,
    2.63274628e+02, 2.18266876e+02, 2.64899048e+02, 2.26165253e+02,
    2.66377289e+02, 2.34055710e+02, 2.67926331e+02, 2.41920853e+02,
    2.48821808e+02, 1.87470261e+02, 2.50380966e+02, 1.95544556e+02,
    2.52055481e+02, 2.03582275e+02, 2.53628525e+02, 2.11691116e+02,
    2.55241425e+02, 2.19678436e+02, 2.56758118e+02, 2.27574051e+02,
    2.58360474e+02, 2.35417328e+02, 2.59938141e+02, 2.43352478e+02,
    2.40562576e+02, 1.89093536e+02, 2.42309738e+02, 1.97124557e+02,
    2.43998764e+02, 2.05082794e+02, 2.45513336e+02, 2.13162415e+02,
    2.47136948e+02, 2.21133560e+02, 2.48763214e+02, 2.28987625e+02,
    2.50310913e+02, 2.36905823e+02, 2.51897461e+02, 2.44693649e+02,
    2.32547714e+02, 1.90556870e+02, 2.34178238e+02, 1.98587418e+02,
    2.35875793e+02, 2.06607025e+02, 2.37520020e+02, 2.14629593e+02,
    2.39091385e+02, 2.22536835e+02, 2.40758636e+02, 2.30391891e+02,
    2.42336990e+02, 2.38257034e+02, 2.43998627e+02, 2.46081436e+02,
    2.24371368e+02, 1.92119385e+02, 2.26086548e+02, 2.00059662e+02,
    2.27774734e+02, 2.08235458e+02, 2.29437607e+02, 2.16126663e+02,
    2.31138626e+02, 2.24108948e+02, 2.32785019e+02, 2.31931259e+02,
    2.34388977e+02, 2.39701752e+02, 2.36043030e+02, 2.47504425e+02,
    2.16401886e+02, 1.93614670e+02, 2.18053680e+02, 2.01622787e+02,
    2.19868866e+02, 2.09440109e+02, 2.21514221e+02, 2.17580215e+02,
    2.23168839e+02, 2.25463074e+02, 2.24871017e+02, 2.33348602e+02,
    2.26530518e+02, 2.41130478e+02, 2.28174835e+02, 2.48903687e+02,
    2.08374863e+02, 1.95162308e+02, 2.10070984e+02, 2.03107361e+02,
    2.11835419e+02, 2.11124680e+02, 2.13523590e+02, 2.19107513e+02,
    2.15220093e+02, 2.27021774e+02, 2.16914948e+02, 2.34753128e+02,
    2.18612518e+02, 2.42493591e+02, 2.20218140e+02, 2.50250320e+02,
    2.00299072e+02, 1.96688690e+02, 2.02051773e+02, 2.04653076e+02,
    2.03840805e+02, 2.12598083e+02, 2.05519073e+02, 2.20582916e+02,
    2.07254974e+02, 2.28390121e+02, 2.08994888e+02, 2.36243942e+02,
    2.10695450e+02, 2.44037369e+02, 2.12371765e+02, 2.51640869e+02,
    1.92339066e+02, 1.98203842e+02, 1.94152939e+02, 2.06168015e+02,
    1.95866745e+02, 2.14130325e+02, 1.97633682e+02, 2.22081146e+02,
    1.99356644e+02, 2.29900513e+02, 2.01133591e+02, 2.37654892e+02,
    2.02821045e+02, 2.45358414e+02, 2.04473358e+02, 2.53077744e+02,
    1.84480820e+02, 1.99592148e+02, 1.86179337e+02, 2.07619247e+02,
    1.87946793e+02, 2.15411057e+02, 1.89757553e+02, 2.23359940e+02,
    1.91528259e+02, 2.31251892e+02, 1.93244659e+02, 2.39079361e+02,
    1.94991425e+02, 2.46732559e+02, 1.96758179e+02, 2.54376816e+02,
    1.76344940e+02, 2.01149582e+02, 1.78224030e+02, 2.09130585e+02,
    1.80109634e+02, 2.16998535e+02, 1.81827713e+02, 2.24855820e+02,
    1.83632370e+02, 2.32667557e+02, 1.85423813e+02, 2.40405624e+02,
    1.87206665e+02, 2.48190216e+02, 1.88882568e+02, 2.55797882e+02 ]
