%YAML:1.0
---
points: [ 2.36984924e+02, 1.81703964e+02, 2.39131760e+02, 1.91669205e+02,
    2.41161026e+02, 2.01640488e+02, 2.43151581e+02, 2.11628876e+02,
    2.45216751e+02, 2.21366272e+02, 2.47186005e+02, 2.31023956e+02,
    2.49158676e+02, 2.40837814e+02, 2.51041901e+02, 2.50491669e+02,
    2.26983871e+02, 1.83645752e+02, 2.29010986e+02, 1.93689041e+02,
    2.31163666e+02, 2.03407227e+02, 2.33224319e+02, 2.13422287e+02,
    2.35311234e+02, 2.23254303e+02, 2.37266388e+02, 2.32938843e+02,
    2.39260925e+02, 2.42579041e+02, 2.41260788e+02, 2.52191437e+02,
    2.16874390e+02, 1.85635757e+02, 2.19173416e+02, 1.95570679e+02,
    2.21178497e+02, 2.05371521e+02, 2.23292328e+02, 2.15250015e+02,
    2.25380264e+02, 2.25081543e+02, 2.27453079e+02, 2.34708130e+02,
    2.29488770e+02, 2.44402100e+02, 2.31504517e+02, 2.53972961e+02,
    2.07049942e+02, 1.87481277e+02, 2.09144440e+02, 1.97492676e+02,
    2.11302841e+02, 2.07266510e+02, 2.13476944e+02, 2.17129150e+02,
    2.15596085e+02, 2.26894608e+02, 2.17655472e+02, 2.36573990e+02,
    2.19741394e+02, 2.46191605e+02, 2.21795013e+02, 2.55813782e+02,
    1.96962723e+02, 1.89507034e+02, 1.99232208e+02, 1.99326813e+02,
    2.01393860e+02, 2.09219543e+02, 2.03640884e+02, 2.19023956e+02,
    2.05705399e+02, 2.28797287e+02, 2.07862885e+02, 2.38393234e+02,
    2.09967224e+02, 2.48057800e+02, 2.12064880e+02, 2.57612427e+02,
    1.87048645e+02, 1.91359131e+02, 1.89280411e+02, 2.01314148e+02,
    1.91530106e+02, 2.11169449e+02, 1.93792694e+02, 2.20963470e+02,
    1.95959305e+02, 2.30593231e+02, 1.98105438e+02, 2.40278976e+02,
    2.00261459e+02, 2.49918625e+02, 2.02406525e+02, 2.59349396e+02,
    1.77042099e+02, 1.93329529e+02, 1.79364853e+02, 2.03141388e+02,
    1.81691681e+02, 2.13043198e+02, 1.83917114e+02, 2.22803894e+02,
    1.86139816e+02, 2.32535568e+02, 1.88405350e+02, 2.42126785e+02,
    1.90568222e+02, 2.51716187e+02, 1.92682922e+02, 2.61026123e+02,
    1.67181168e+02, 1.95249786e+02, 1.69472061e+02, 2.05156326e+02,
    1.71755829e+02, 2.14954239e+02, 1.74030899e+02, 2.24668152e+02,
    1.76306961e+02, 2.34371887e+02, 1.78592606e+02, 2.44007767e+02,
    1.80782333e+02, 2.53443848e+02, 1.82993362e+02, 2.62877625e+02,
    1.57330017e+02, 1.97141190e+02, 1.59694778e+02, 2.07079468e+02,
    1.62046829e+02, 2.16817093e+02, 1.64310028e+02, 2.26531555e+02,
    1.66631180e+02, 2.36264832e+02, 1.68823898e+02, 2.45797409e+02,
    1.71113235e+02, 2.55235397e+02, 1.73297653e+02, 2.64704926e+02,
    1.47507812e+02, 1.99090012e+02, 1.49960892e+02, 2.08964645e+02,
    1.52270966e+02, 2.18664001e+02, 1.54612885e+02, 2.28371460e+02,
    1.56911163e+02, 2.38049072e+02, 1.59206680e+02, 2.47553757e+02,
    1.61503845e+02, 2.57062927e+02, 1.63832794e+02, 2.66360931e+02,
    1.37621964e+02, 2.00926392e+02, 1.40032242e+02, 2.10855713e+02,
    1.42417999e+02, 2.20493881e+02, 1.44780624e+02, 2.30228012e+02,
    1.47146957e+02, 2.39806122e+02, 1.49518082e+02, 2.49336960e+02,
    1.51890915e+02, 2.58802948e+02, 1.54154373e+02, 2.68194611e+02 ]
