%YAML:1.0
---
points: [ 2.70412262e+02, 1.97634033e+02, 2.69690613e+02, 2.07334290e+02,
    2.68889618e+02, 2.16784042e+02, 2.68148773e+02, 2.26132507e+02,
    2.67309601e+02, 2.35396301e+02, 2.66586578e+02, 2.44490784e+02,
    2.65731720e+02, 2.53686066e+02, 2.65049133e+02, 2.62509552e+02,
    2.60419617e+02, 1.97021286e+02, 2.59643005e+02, 2.06648239e+02,
    2.58916351e+02, 2.16206558e+02, 2.58260895e+02, 2.25529037e+02,
    2.57581238e+02, 2.34680450e+02, 2.56807678e+02, 2.43859055e+02,
    2.56143829e+02, 2.53029922e+02, 2.55503677e+02, 2.61833771e+02,
    2.50323380e+02, 1.96344177e+02, 2.49748550e+02, 2.05917419e+02,
    2.49079178e+02, 2.15520706e+02, 2.48510117e+02, 2.24748947e+02,
    2.47789062e+02, 2.33962189e+02, 2.47183411e+02, 2.43260208e+02,
    2.46563034e+02, 2.52279160e+02, 2.45906189e+02, 2.61340454e+02,
    2.40454422e+02, 1.95606750e+02, 2.39809448e+02, 2.05238297e+02,
    2.39233521e+02, 2.14746445e+02, 2.38661423e+02, 2.24192642e+02,
    2.38091278e+02, 2.33445145e+02, 2.37563980e+02, 2.42599060e+02,
    2.36948959e+02, 2.51714859e+02, 2.36445801e+02, 2.60716522e+02,
    2.30240845e+02, 1.94983597e+02, 2.29771255e+02, 2.04612534e+02,
    2.29286514e+02, 2.14211273e+02, 2.28786804e+02, 2.23621262e+02,
    2.28368500e+02, 2.32736191e+02, 2.27755463e+02, 2.41980438e+02,
    2.27352554e+02, 2.51117508e+02, 2.26803162e+02, 2.59996490e+02,
    2.20304794e+02, 1.94255142e+02, 2.19839066e+02, 2.03845123e+02,
    2.19425705e+02, 2.13493439e+02, 2.18937332e+02, 2.22847809e+02,
    2.18548126e+02, 2.32199448e+02, 2.18139633e+02, 2.41417084e+02,
    2.17669388e+02, 2.50419037e+02, 2.17333817e+02, 2.59495514e+02,
    2.10239304e+02, 1.93626663e+02, 2.09873611e+02, 2.03159210e+02,
    2.09505905e+02, 2.12824051e+02, 2.09175995e+02, 2.22308014e+02,
    2.08735519e+02, 2.31678070e+02, 2.08429047e+02, 2.40736847e+02,
    2.07981598e+02, 2.49920380e+02, 2.07626373e+02, 2.58761719e+02,
    2.00198502e+02, 1.92898270e+02, 1.99749146e+02, 2.02649979e+02,
    1.99520645e+02, 2.12178284e+02, 1.99251770e+02, 2.21656662e+02,
    1.98904358e+02, 2.30920059e+02, 1.98599091e+02, 2.40192734e+02,
    1.98294998e+02, 2.49211670e+02, 1.97977173e+02, 2.58220947e+02,
    1.90108765e+02, 1.92187088e+02, 1.89761017e+02, 2.01866318e+02,
    1.89416183e+02, 2.11459503e+02, 1.89328827e+02, 2.20910599e+02,
    1.89099930e+02, 2.30436417e+02, 1.88766708e+02, 2.39611115e+02,
    1.88533234e+02, 2.48614075e+02, 1.88324234e+02, 2.57583923e+02,
    1.80065872e+02, 1.91560455e+02, 1.79793930e+02, 2.01222900e+02,
    1.79595139e+02, 2.10831009e+02, 1.79412094e+02, 2.20334915e+02,
    1.79258362e+02, 2.29719864e+02, 1.79144226e+02, 2.38884750e+02,
    1.78954697e+02, 2.48025955e+02, 1.78738510e+02, 2.56917542e+02,
    1.69727554e+02, 1.90825775e+02, 1.69600052e+02, 2.00609390e+02,
    1.69483627e+02, 2.10031754e+02, 1.69438950e+02, 2.19532791e+02,
    1.69374435e+02, 2.28964584e+02, 1.69278549e+02, 2.38195267e+02,
    1.69199158e+02, 2.47231750e+02, 1.69047394e+02, 2.56311310e+02 ]
