%YAML:1.0
---
points: [ 3.26167938e+02, 2.02489929e+02, 3.23754730e+02, 2.12058243e+02,
    3.21289825e+02, 2.21265991e+02, 3.18882416e+02, 2.30451492e+02,
    3.16563019e+02, 2.39477020e+02, 3.14267212e+02, 2.48559235e+02,
    3.11994049e+02, 2.57348389e+02, 3.09748566e+02, 2.66213898e+02,
    3.16317047e+02, 2.00777145e+02, 3.13838745e+02, 2.10299423e+02,
    3.11471527e+02, 2.19629852e+02, 3.09187164e+02, 2.28805099e+02,
    3.06950989e+02, 2.38054840e+02, 3.04696930e+02, 2.46905228e+02,
    3.02499176e+02, 2.55960892e+02, 3.00375305e+02, 2.64607086e+02,
    3.06320160e+02, 1.99034988e+02, 3.03979767e+02, 2.08616196e+02,
    3.01740967e+02, 2.18117584e+02, 2.99529968e+02, 2.27174118e+02,
    2.97336945e+02, 2.36375854e+02, 2.95173248e+02, 2.45453415e+02,
    2.93048065e+02, 2.54317566e+02, 2.90930878e+02, 2.63184692e+02,
    2.96411682e+02, 1.97274734e+02, 2.94124725e+02, 2.06860474e+02,
    2.91937561e+02, 2.16336792e+02, 2.89774200e+02, 2.25597946e+02,
    2.87693390e+02, 2.34768127e+02, 2.85581848e+02, 2.43942596e+02,
    2.83562531e+02, 2.52855850e+02, 2.81488983e+02, 2.61765411e+02,
    2.86256897e+02, 1.95453705e+02, 2.84173157e+02, 2.05166183e+02,
    2.82069641e+02, 2.14750641e+02, 2.80006134e+02, 2.24034149e+02,
    2.77970062e+02, 2.33311417e+02, 2.75950653e+02, 2.42345551e+02,
    2.73916565e+02, 2.51404968e+02, 2.71982941e+02, 2.60208771e+02,
    2.76357544e+02, 1.93799255e+02, 2.74247284e+02, 2.03449066e+02,
    2.72176819e+02, 2.13083481e+02, 2.70244781e+02, 2.22403030e+02,
    2.68234344e+02, 2.31714203e+02, 2.66271210e+02, 2.40827057e+02,
    2.64407349e+02, 2.49870605e+02, 2.62484222e+02, 2.58755890e+02,
    2.66206329e+02, 1.92003372e+02, 2.64272430e+02, 2.01763184e+02,
    2.62298828e+02, 2.11410172e+02, 2.60341034e+02, 2.20878464e+02,
    2.58470886e+02, 2.30154449e+02, 2.56568390e+02, 2.39361389e+02,
    2.54719955e+02, 2.48359329e+02, 2.52853119e+02, 2.57301025e+02,
    2.56115326e+02, 1.90338898e+02, 2.54171936e+02, 2.00000473e+02,
    2.52252060e+02, 2.09741699e+02, 2.50402939e+02, 2.19245789e+02,
    2.48602875e+02, 2.28582413e+02, 2.46783264e+02, 2.37760223e+02,
    2.44949249e+02, 2.46881821e+02, 2.43173126e+02, 2.55744614e+02,
    2.45894699e+02, 1.88672241e+02, 2.44050552e+02, 1.98388580e+02,
    2.42235413e+02, 2.08126190e+02, 2.40411545e+02, 2.17627289e+02,
    2.38674210e+02, 2.26982254e+02, 2.36943954e+02, 2.36194061e+02,
    2.35216553e+02, 2.45337891e+02, 2.33478928e+02, 2.54201691e+02,
    2.35775879e+02, 1.86888992e+02, 2.34016953e+02, 1.96713867e+02,
    2.32184418e+02, 2.06400742e+02, 2.30461243e+02, 2.15944855e+02,
    2.28784729e+02, 2.25403152e+02, 2.27078369e+02, 2.34449799e+02,
    2.25390106e+02, 2.43781418e+02, 2.23780594e+02, 2.52726837e+02,
    2.25251617e+02, 1.85079788e+02, 2.23611588e+02, 1.94954987e+02,
    2.21928726e+02, 2.04596115e+02, 2.20299500e+02, 2.14266830e+02,
    2.18731750e+02, 2.23773239e+02, 2.17116837e+02, 2.32934982e+02,
    2.15528763e+02, 2.42154648e+02, 2.13892273e+02, 2.51233398e+02 ]
