%YAML:1.0
---
points: [ 2.61691071e+02, 2.07235931e+02, 2.60198639e+02, 2.16733063e+02,
    2.58717926e+02, 2.26123734e+02, 2.57196014e+02, 2.35326157e+02,
    2.55757462e+02, 2.44453201e+02, 2.54272034e+02, 2.53550934e+02,
    2.52868027e+02, 2.62376038e+02, 2.51382614e+02, 2.71258575e+02,
    2.51443344e+02, 2.05521133e+02, 2.50096573e+02, 2.15112915e+02,
    2.48610519e+02, 2.24547836e+02, 2.47224594e+02, 2.33698257e+02,
    2.45835953e+02, 2.42952377e+02, 2.44424606e+02, 2.51886642e+02,
    2.43112869e+02, 2.60873077e+02, 2.41788437e+02, 2.69686005e+02,
    2.41145508e+02, 2.03841232e+02, 2.39879120e+02, 2.13440567e+02,
    2.38550507e+02, 2.22914948e+02, 2.37215302e+02, 2.32169037e+02,
    2.35928650e+02, 2.41376038e+02, 2.34648422e+02, 2.50331726e+02,
    2.33315918e+02, 2.59366547e+02, 2.32145462e+02, 2.68079834e+02,
    2.31000870e+02, 2.02234482e+02, 2.29751526e+02, 2.11851166e+02,
    2.28481506e+02, 2.21284622e+02, 2.27259003e+02, 2.30578201e+02,
    2.26058289e+02, 2.39816925e+02, 2.24867218e+02, 2.48878784e+02,
    2.23665314e+02, 2.57812164e+02, 2.22464767e+02, 2.66594940e+02,
    2.20692688e+02, 2.00661133e+02, 2.19539032e+02, 2.10261108e+02,
    2.18353546e+02, 2.19798035e+02, 2.17261169e+02, 2.29052811e+02,
    2.16142319e+02, 2.38286835e+02, 2.15019852e+02, 2.47444336e+02,
    2.13917740e+02, 2.56312164e+02, 2.12771896e+02, 2.65173279e+02,
    2.10441193e+02, 1.98971222e+02, 2.09444275e+02, 2.08615265e+02,
    2.08339081e+02, 2.18219864e+02, 2.07312912e+02, 2.27631470e+02,
    2.06301895e+02, 2.36741989e+02, 2.05257935e+02, 2.45939545e+02,
    2.04215805e+02, 2.54809784e+02, 2.03235733e+02, 2.63692780e+02,
    2.00237000e+02, 1.97317795e+02, 1.99249557e+02, 2.07126312e+02,
    1.98345428e+02, 2.16665558e+02, 1.97311203e+02, 2.26120132e+02,
    1.96345215e+02, 2.35378723e+02, 1.95358994e+02, 2.44387207e+02,
    1.94356094e+02, 2.53351990e+02, 1.93457443e+02, 2.62123749e+02,
    1.90047913e+02, 1.95791718e+02, 1.89051346e+02, 2.05430847e+02,
    1.88173660e+02, 2.15096451e+02, 1.87237488e+02, 2.24496506e+02,
    1.86317902e+02, 2.33843491e+02, 1.85363586e+02, 2.42849594e+02,
    1.84540390e+02, 2.51865021e+02, 1.83706436e+02, 2.60627075e+02,
    1.79696167e+02, 1.94199738e+02, 1.78871597e+02, 2.03995178e+02,
    1.78025833e+02, 2.13491196e+02, 1.77175293e+02, 2.22948700e+02,
    1.76374237e+02, 2.32305161e+02, 1.75572891e+02, 2.41317093e+02,
    1.74825684e+02, 2.50383499e+02, 1.74058594e+02, 2.59111023e+02,
    1.69491287e+02, 1.92635818e+02, 1.68682724e+02, 2.02352234e+02,
    1.68073456e+02, 2.11942627e+02, 1.67248199e+02, 2.21348495e+02,
    1.66486633e+02, 2.30775879e+02, 1.65783249e+02, 2.39774155e+02,
    1.65157822e+02, 2.48785217e+02, 1.64391830e+02, 2.57565643e+02,
    1.59144928e+02, 1.90903061e+02, 1.58435516e+02, 2.00740494e+02,
    1.57750351e+02, 2.10317108e+02, 1.57223129e+02, 2.19756088e+02,
    1.56513885e+02, 2.29154266e+02, 1.55954346e+02, 2.38204727e+02,
    1.55288895e+02, 2.47222931e+02, 1.54649216e+02, 2.55995056e+02 ]
