%YAML:1.0
---
points: [ 2.14063446e+02, 2.12266830e+02, 2.15741058e+02, 2.21107681e+02,
    2.17284424e+02, 2.29758911e+02, 2.18854721e+02, 2.38298981e+02,
    2.20386230e+02, 2.46872070e+02, 2.21868240e+02, 2.55394745e+02,
    2.23306839e+02, 2.63748749e+02, 2.24745697e+02, 2.72115234e+02,
    2.04904617e+02, 2.13298599e+02, 2.06571884e+02, 2.22182831e+02,
    2.08196228e+02, 2.30825912e+02, 2.09779358e+02, 2.39364563e+02,
    2.11365662e+02, 2.48028778e+02, 2.12931992e+02, 2.56325958e+02,
    2.14452820e+02, 2.64709503e+02, 2.15921585e+02, 2.73032928e+02,
    1.95611389e+02, 2.14435471e+02, 1.97353561e+02, 2.23219376e+02,
    1.99123672e+02, 2.32049072e+02, 2.00794098e+02, 2.40371643e+02,
    2.02341797e+02, 2.48970215e+02, 2.03997589e+02, 2.57475586e+02,
    2.05603867e+02, 2.65845947e+02, 2.07098557e+02, 2.74110016e+02,
    1.86523590e+02, 2.15423508e+02, 1.88262131e+02, 2.24383362e+02,
    1.90023773e+02, 2.32988266e+02, 1.91774689e+02, 2.41559235e+02,
    1.93496231e+02, 2.50121918e+02, 1.95087463e+02, 2.58461151e+02,
    1.96739563e+02, 2.66790833e+02, 1.98313034e+02, 2.74992523e+02,
    1.77426315e+02, 2.16673660e+02, 1.79239273e+02, 2.25377365e+02,
    1.81006027e+02, 2.34179214e+02, 1.82773651e+02, 2.42691803e+02,
    1.84486069e+02, 2.51142014e+02, 1.86234253e+02, 2.59527191e+02,
    1.87898575e+02, 2.67878906e+02, 1.89584518e+02, 2.76082977e+02,
    1.68263046e+02, 2.17815063e+02, 1.70164932e+02, 2.26603348e+02,
    1.72035797e+02, 2.35195023e+02, 1.73830826e+02, 2.43793350e+02,
    1.75677109e+02, 2.52318817e+02, 1.77395065e+02, 2.60650909e+02,
    1.79140503e+02, 2.68993347e+02, 1.80862625e+02, 2.77123993e+02,
    1.59180817e+02, 2.18980728e+02, 1.61138428e+02, 2.27644516e+02,
    1.63012070e+02, 2.36356766e+02, 1.64907547e+02, 2.44958359e+02,
    1.66709061e+02, 2.53294266e+02, 1.68543121e+02, 2.61642029e+02,
    1.70289825e+02, 2.69915283e+02, 1.72085999e+02, 2.77943298e+02,
    1.50096603e+02, 2.20124420e+02, 1.52021667e+02, 2.28846283e+02,
    1.53976486e+02, 2.37400787e+02, 1.55913635e+02, 2.45988785e+02,
    1.57789307e+02, 2.54399734e+02, 1.59712860e+02, 2.62762756e+02,
    1.61554001e+02, 2.71007355e+02, 1.63422958e+02, 2.79018646e+02,
    1.41027466e+02, 2.21282501e+02, 1.43067261e+02, 2.29912491e+02,
    1.45012253e+02, 2.38603714e+02, 1.46999878e+02, 2.47203125e+02,
    1.48931442e+02, 2.55557953e+02, 1.50908356e+02, 2.63824951e+02,
    1.52832062e+02, 2.72013641e+02, 1.54654510e+02, 2.80064270e+02,
    1.32177002e+02, 2.22274536e+02, 1.34209259e+02, 2.31067429e+02,
    1.36217957e+02, 2.39642990e+02, 1.38233978e+02, 2.48124115e+02,
    1.40268723e+02, 2.56521729e+02, 1.42204468e+02, 2.64726776e+02,
    1.44165634e+02, 2.72850159e+02, 1.46209091e+02, 2.80909393e+02,
    1.23074303e+02, 2.23371826e+02, 1.25200111e+02, 2.32142929e+02,
    1.27283997e+02, 2.40665939e+02, 1.29348770e+02, 2.49098206e+02,
    1.31483093e+02, 2.57521942e+02, 1.33510147e+02, 2.65711182e+02,
    1.35464478e+02, 2.73786194e+02, 1.37481232e+02, 2.81815369e+02 ]
