%YAML:1.0
---
cameraMatrix: !!opencv-matrix
   rows: 3
   cols: 3
   dt: d
   data: [ 3.5954533837653514e+02, 0., 2.5408539101572268e+02, 0.,
       3.5933627886663839e+02, 2.0230232564613084e+02, 0., 0., 1. ]
distortionCoefficients: !!opencv-matrix
   rows: 1
   cols: 5
   dt: d
   data: [ 7.7788359199676665e-02, -1.9963668172158830e-01,
       -1.2729255540989829e-03, 1.3544124076770192e-03,
       -9.0590751306339305e-03 ]
rotation: !!opencv-matrix
   rows: 3
   cols: 3
   dt: d
   data: [ 1., 0., 0., 0., 1., 0., 0., 0., 1. ]
projection: !!opencv-matrix
   rows: 4
   cols: 4
   dt: d
   data: [ 3.5954533837653514e+02, 0., 2.5408539101572268e+02, 0., 0.,
       3.5933627886663839e+02, 2.0230232564613084e+02, 0., 0., 0., 1.,
       0., 0., 0., 0., 1. ]
